cell_type_adjusted,Alveolar cell type 1,Alveolar cell type 2,B cell,B cell dividing,Ciliated,Club,DC mature,Endothelial cell arterial,Endothelial cell capillary,Endothelial cell lymphatic,Endothelial cell venous,Fibroblast adventitial,Fibroblast alveolar,Fibroblast peribronchial,Macrophage,Macrophage alveolar,Mast cell,Mesothelial,Monocyte classical,Monocyte non-classical,NK cell,NK cell dividing,Neutrophils,Pericyte,Plasma cell,Plasma cell dividing,ROS1+ healthy epithelial,Smooth muscle cell,T cell CD4,T cell CD4 dividing,T cell CD8 activated,T cell CD8 dividing,T cell CD8 effector memory,T cell CD8 naive,T cell CD8 terminally exhausted,T cell NK-like,T cell regulatory,Tumor LUAD_Club,Tumor LUAD_EMT1,Tumor LUAD_EMT2,Tumor LUAD_EMT3,Tumor LUAD_LUSC,Tumor LUAD_LUSC_mitotic,Tumor LUAD_mainly1,Tumor LUAD_mainly2,Tumor LUAD_mitotic,Tumor LUAD_mixed,Tumor LUAD_transitional,Tumor LUSC_LUAD_mitotic,Tumor LUSC_mainly,Tumor LUSC_mainly2,Tumor LUSC_mitotic,Tumor LUSC_mitotic2,Tumor cells LUAD,Tumor cells LUAD EMT,Tumor cells LUAD mitotic,Tumor cells LUSC,Tumor cells LUSC mitotic,Tumor cells NSCLC mixed,Tumor mitotic_LUSC,Tumor mitotic_mixed,Tumor mixed_LUAD,cDC1,cDC2,myeloid dividing,pDC,stromal dividing,transitional club/AT2
Alveolar cell type 1,0.0,1.0623189468120385e-05,0.02296637835073904,0.27466369668799195,0.002573815875482451,0.011437294993901972,0.39775823210477096,0.11258222789636539,0.21641198775501577,0.008333891417693806,0.38479415738190825,0.5687633876834737,0.7470311353984888,0.7975023331112991,0.8806755151618899,0.8055360245213947,0.07881118378058569,0.009988699408464845,0.4828018594089246,0.00021750824739694724,0.01477017236469577,0.8793209394775973,0.3967708265433258,0.7934841516270283,0.17661452132815444,0.6040648243088301,0.0014681315161594868,0.9925914816063751,0.16860797731434862,0.2624743383670106,0.8994684210582271,0.8339527369091568,0.46256144355817164,0.34381988478863834,0.83636929349487,0.0023638479346138235,0.2760998933987054,0.6749325739196465,0.967900157553316,0.6600330336162292,0.6842593257755184,0.4658143899858423,0.2202606586996823,0.5356916301269423,0.883476672154685,0.36227493405541616,0.8347987641053242,0.31664351191609674,0.6206071523370658,0.7876075186443042,0.5669273371369152,0.9531914591642529,0.3585714195598757,0.09790183061633999,0.3721307220633843,0.507733571691844,0.8774374905517597,0.8943466082830596,0.0003580131626726472,0.5912392768149283,0.366437298253608,0.6380832498726303,0.40044313644567353,0.2877052422831256,0.996692493844024,0.7353894450448046,0.22260300881121287,0.2368709467567433
Alveolar cell type 2,1.0623189468120385e-05,0.0,0.019151741255351247,0.2574214415512415,0.024538479854767762,0.5052207800367609,0.5250157131867306,0.4022551761587826,0.9849942041291853,0.12556613793753407,0.4486104012445164,0.5205466169126397,0.9524577773065538,0.1634156018455836,0.0900457674679821,0.237921713302478,0.0014191421790455225,0.09375747750976911,0.4611960751909007,0.13983076532160588,0.0380388097080809,0.07868910624872862,0.4448937779494253,0.1718322273937048,0.12577137022221943,0.11843750516148419,1.6098200470518787e-15,0.9249906381414312,0.045805887552010274,0.014512623715632892,0.4262813769664825,0.05476832587650622,0.44376802851435193,0.07990995689309369,0.05715399075424363,0.8894335263729853,0.00138724623520037,0.7140703644973883,0.23860741618564763,0.599243829927288,0.6530240681187357,0.2220372107015287,0.12380054536943078,0.2995667926119711,0.7388254249122137,0.49641841832230416,0.4961952281975887,0.19556178824628184,0.48140488748221805,0.6040630790154109,0.5787463509627854,0.31949235985236724,0.3025933667914292,0.012091947506053694,0.7482867144295814,0.11858354499543886,0.008293328477620689,0.7999404236105275,0.10602825124038755,0.4640052683470524,0.309806075824955,0.26294813306028386,0.2973184428580171,0.508707138477995,0.5318749338123478,0.3217134351837629,0.21681120145923857,3.197673965775214e-05
B cell,0.02296637835073904,0.019151741255351247,0.0,6.773914664061179e-07,0.6917896864015459,0.6415789793413914,0.016585167474105416,0.004417788262658827,3.21504321899531e-05,0.773076874750201,0.02996502599003415,0.5613741528244798,0.09493635470061977,0.6023509765148916,0.02205385698528379,0.03599288929766188,0.16150971740050563,0.7958870198276143,0.0353805038479897,0.20883312729374448,0.10104727586679593,0.18115388555179757,0.2848476636535398,0.5052835222695193,0.21138048761778447,0.47543405606475786,0.02864475988316235,0.7066126419438986,0.016856355022709386,0.20089799342642184,0.9542711824802063,0.5881265216936647,0.8980128669486626,1.2855620972059901e-08,0.5489859488176455,0.45930774105658,0.5241120052753737,0.5165173165665411,0.9337058701729614,0.05315258354694258,0.9381532708167498,0.5761785951170767,0.15974163975179304,0.28863897345527034,0.6882087853278928,0.14855520013275106,0.46537873338774677,0.38019705285639316,0.08031556261514632,0.8566927445399496,0.63541373028901,0.37618539943215834,0.9270805432744055,0.006673353825911413,0.6576457144986287,0.22229823730089815,0.551507167454027,0.40394580998503876,0.17869945925417843,0.9239959806214201,0.4524871640545265,0.6783003155873092,0.748888782923486,0.018904947246300322,0.06583820824055858,0.44702426447143334,0.6274821107706131,0.07769938289391293
B cell dividing,0.27466369668799195,0.2574214415512415,6.773914664061179e-07,0.0,0.932689995408451,0.48674582512467396,0.6816950735482168,0.638173517654171,0.8736485682898889,0.6832010025817313,0.373237573040905,0.7245242677504085,0.4706817338739652,0.7926274218675037,0.8034786482523634,0.24228719510106425,0.4310973868462965,0.8466963635188792,0.6048492003012447,0.5103760075637509,0.18163226329225757,0.8988913785495485,0.942251097124862,0.6241189510599455,0.6477164672039909,0.11852773138341355,0.30798936082108114,0.558735763784365,0.6218038301441666,0.07883645638418904,0.21808440880322205,0.6047135028380943,0.1538726934292573,0.02981905953289934,0.9936619123658688,0.21299369820459785,0.8090665065167784,0.7038345496382307,0.4240837330910066,4.387729599985328e-18,0.7324963038663872,0.9866466384785691,0.914406530380963,0.6518783229159234,0.6638897536789929,0.514354653420502,0.38451095486419856,0.80084990838919,0.9735948573316412,0.8001498202189855,0.6829976579703404,0.5563170621338632,0.5359882252598528,0.2173473540359944,0.7269798355338379,0.5055264154521892,0.5524398181265647,0.9049473807455409,0.4847999364503523,0.7339719096745462,0.7773114408289378,0.7185275844518788,0.5680461183540949,0.5326019304927753,0.7801185274311998,0.5438493388096697,0.41893388245032903,0.42503834701608256
Ciliated,0.002573815875482451,0.024538479854767762,0.6917896864015459,0.932689995408451,0.0,1.4405526938275865e-17,0.9544039303571018,0.27239541767914494,0.7116283798161417,3.074368569107494e-25,0.678219459977162,0.8585232428340442,0.7589420519605921,0.41740172680941257,0.1326283284594002,0.7705686088303214,0.2502648027405827,1.1617908500353624e-26,0.5475070892059537,1.5637756097733287e-20,8.06720629165768e-10,0.2274236212564806,0.5044662502821607,0.4480694757323526,0.4102327578278464,0.860774926529924,0.6656884438555046,0.7733696160728454,0.163206212874399,0.5653732466804463,0.182259720463353,0.753886575209331,0.09269587152048245,0.995979669944594,0.4884971593052692,5.3128400315424845e-08,0.017085943902189107,0.9165500561052684,0.590039892665068,0.8594042029768192,0.8368855001985156,0.7668524895535814,0.564869862318088,0.39449066614896616,0.9799999685228167,0.8452347951936956,0.24309010794708097,0.062075692258296684,0.684291294756348,0.594523691453139,0.8110472611996484,0.7086510155601724,0.9020051252139674,0.44801939824911063,0.6700343589549698,0.8336515563470761,0.867317684684004,0.9810884369086709,0.8764030230439979,0.6199856314789827,0.18755487816669988,0.7031767670498624,0.8217900269974454,0.3619913402751537,0.5510360911481402,0.7291074221081585,0.5049333005236415,0.942665491714364
Club,0.011437294993901972,0.5052207800367609,0.6415789793413914,0.48674582512467396,1.4405526938275865e-17,0.0,0.1565042559061892,0.42709903625236967,0.9073067082430302,8.732720964441795e-07,0.04090813548837478,0.9486612998859466,0.41033449923909965,0.6327394312306306,0.14561498811011406,0.32715322148885173,0.5682948111700635,1.8786420230385258e-06,0.7266718617822113,7.485152653776638e-05,0.03011636274230083,0.17186502676391135,0.48599618733331523,0.679379790523093,0.5015579878094248,0.16733399623549314,0.821680329359734,0.15511187368724483,0.1563760091219409,0.09647933238798391,0.34451529458796,0.5161118772601199,0.79775762856925,0.8804264320868204,0.35947450479818743,0.005846719083258874,0.004012629127337847,0.48735212423509533,0.6754032788624663,0.8051093687933694,0.6855165837519114,0.4015211137701558,0.4520211137757821,0.30708853040503054,0.7047036621931877,0.5411745596007808,4.493705858806611e-06,0.0458031179587794,0.6049178754561202,0.6743530110994843,0.843319618361436,0.4439720552834693,0.9488212080635099,0.4108119731663289,0.6060455675229345,0.6542498877186784,0.9241115813716765,0.9618759759749566,0.21001070994355392,0.6190661019316489,0.18199666011294496,0.3622665426465814,0.36852119312375,0.8082383300505718,0.8830459733564413,0.6061339638186723,0.28877056495996417,0.5754143448304965
DC mature,0.39775823210477096,0.5250157131867306,0.016585167474105416,0.6816950735482168,0.9544039303571018,0.1565042559061892,0.0,0.6501532088732691,0.6703902669044066,0.5803409298738478,0.6183421564124196,0.20629677433046537,0.9291880696087587,0.21412345545242706,0.8758191856972557,0.01626627589545024,0.005712810873986829,0.18445496410427725,0.02603275474064031,0.5435778842928342,0.38589733029932605,0.8461746839171048,0.10295484508480374,0.08229067549033812,0.16350593320603965,0.020722018071509165,0.005859084554612406,0.12225760208184581,0.6689181914511532,0.06853489058713648,0.2717533052805544,0.4050898995244414,0.05656054122718372,0.04941903325201187,0.3880466723960886,0.3478652023521477,0.12966543417699644,0.807862106931293,0.3183687142056362,0.6759203068960188,0.5191106208667031,0.29000566676204076,0.37243166454380117,0.06279052927382728,0.007165322738995317,0.3048547405779296,0.07903129435977498,0.4287095855017995,0.3186878359076091,0.2501696071039062,0.33879450623411106,0.2445704183360752,0.7567553796899964,0.004959461082046409,0.8959538379859463,0.4732009476480005,0.37089675340838363,0.6440504306591007,0.7888629277475572,0.15652020090144922,0.4145075073211778,0.08863717482085068,0.43716575648231704,1.846755894241384e-05,0.03630179047549456,0.6044945531151898,0.11082068198321485,0.20721956658939186
Endothelial cell arterial,0.11258222789636539,0.4022551761587826,0.004417788262658827,0.638173517654171,0.27239541767914494,0.42709903625236967,0.6501532088732691,0.0,4.2354621019703614e-20,0.2424126039425499,2.4075216721883925e-10,0.8169875338183891,0.5629293916474211,0.8539385397633891,0.9553296413806837,0.3896411222945474,0.07566089889551814,0.3318720565083575,0.538289706767931,0.005577371388792966,0.31521324627303837,0.437375534741821,0.36135105072897994,0.6156414799713936,0.47091662466954703,0.7679320860217569,0.16227468045974053,0.04473841405167632,0.4366263441273862,0.4918712417662445,0.02042462642490679,0.9191901958590003,0.051916709504592526,2.889291440934038e-06,0.7848342669695759,0.11360075432350572,0.7040012417502002,0.025539774190968246,0.24151702911031522,0.7410478926621422,0.8638780515806244,0.4024171071214811,0.9472941097042498,0.6719410724765806,0.2712803037908261,0.2451088336042795,0.2316721005211857,0.6324332553913973,0.6612469934426448,0.3906561082754368,0.7198806113294371,0.5833962099509385,0.45452232691939465,0.10785700861809108,0.3515500373384573,0.6720801673829585,0.04718367778547999,0.6907175062316708,0.33145483957658284,0.272132618225944,0.33370732499686506,0.472764325405502,0.005707021462400124,0.32755980461446355,0.9731678877385346,0.46397898792997433,0.32185444784199263,0.9791101830983457
Endothelial cell capillary,0.21641198775501577,0.9849942041291853,3.21504321899531e-05,0.8736485682898889,0.7116283798161417,0.9073067082430302,0.6703902669044066,4.2354621019703614e-20,0.0,0.6447739214573988,2.599615450609951e-10,0.7331921984725718,0.48545499539718906,0.6829355866644462,0.9171961472925741,0.6737345260229989,0.8510235543531424,0.5796312762566034,0.5792841669522938,0.24104224743061167,0.5423807201412715,0.5114506989101145,0.5126286595734129,0.9745155065686749,0.8545885762925327,0.5733398957412723,0.4735059821634189,0.361018423917959,0.7527623939314957,0.5138069140080408,0.1472939198317802,0.9535155027904139,0.16647289461780201,5.951281410937546e-07,0.9804390257617343,0.16009491411706095,0.6874158827068658,0.767577837782732,0.8590353816898846,0.7846706003264361,0.9248293796258048,0.7118068115588957,0.7579555568307518,0.8236225296412746,0.6864771971016241,0.5196154927072764,0.45231609292782815,0.7108397704184913,0.8202531580005838,0.8097821398787967,0.9161744461400347,0.9943377837066573,0.629104520968465,0.31249032841510027,0.08905736209282542,0.8302320254864846,0.9794634873368921,0.7846706003264361,0.5630421066214099,0.6694595087641979,0.8119121746860444,0.528144919404302,0.11630997626777052,0.8627111511222414,0.4152647850212879,0.7971654434186521,0.24498241227399237,0.7435488147189506
Endothelial cell lymphatic,0.008333891417693806,0.12556613793753407,0.773076874750201,0.6832010025817313,3.074368569107494e-25,8.732720964441795e-07,0.5803409298738478,0.2424126039425499,0.6447739214573988,0.0,0.06248193350951251,0.965580009739614,0.5925052038172259,0.29665105339655995,0.5988933157735098,0.46358927075891543,0.8754042127961875,1.0635785259683863e-19,0.7133827720851689,3.185640579028864e-17,1.5305796238627348e-07,0.3423767657316636,0.37658889558858627,0.892401582598936,0.4000411595204114,0.22985877014153408,0.5244349927842292,0.5203699472433545,0.17042090620925535,0.2870892941808579,0.3887143949797462,0.5087992869815661,0.07518103176613179,0.46108520584111834,0.4841056387269036,0.00015032823166712667,0.05798418197504581,0.9899924710693588,0.1043397238522178,0.8100200055150091,0.3148262430999639,0.5599084892525968,0.8178373367949384,0.1633005584990522,0.7873278913686305,0.37303857760254977,0.4099316532446733,0.053796773550845715,0.5543031023753937,0.00036498150410445925,0.06136491639482311,0.46087958123325207,0.8697918061522508,0.6283525105367957,0.9427115107267772,0.9053372159150467,0.8117026606232103,0.6359408738070322,0.46013008268446204,0.9516414329891405,0.255368453819115,0.455160519815204,0.4730594331077775,0.7065936372076569,0.980457882237761,0.7877212205057643,0.5927783137081916,0.8163945054380162
Endothelial cell venous,0.38479415738190825,0.4486104012445164,0.02996502599003415,0.373237573040905,0.678219459977162,0.04090813548837478,0.6183421564124196,2.4075216721883925e-10,2.599615450609951e-10,0.06248193350951251,0.0,0.8685360330498001,0.0008987395272998391,0.6489685474957723,0.5019480052069877,0.5100154201666133,1.9816315552870178e-05,0.6732658923384646,0.7497931748093014,0.3536521251058339,0.21081179956657503,0.41820951112430865,0.14705815763748484,0.0008026049608430268,0.3715875497326359,0.5474668226295795,0.8853453606920471,2.2575872688952716e-08,0.256318637030036,0.130829607930124,0.6199091279937315,0.22014771329014698,0.1552821857036028,0.08899228700297815,0.20863500629407958,0.7631915834603655,0.021908472789937787,0.08282216615267278,0.900300360456021,0.488829398809427,0.042647796903209585,0.5421293184877768,0.12301968610609353,0.25277834756214557,0.6200270416229337,0.6126013726950237,0.496351055870107,0.05325844847539763,0.619919322915633,0.6272318430312256,0.5568628824253472,0.20271168978037737,0.6950856970799053,0.2660118283648554,0.6503402884449456,0.7949621257353998,0.9159029493010403,0.6091350560672574,0.35269745686899945,0.3491198951285574,0.014046356180757764,0.5636187891390516,0.6549172860893794,0.39556960523968177,0.507700638249884,0.35287435102263365,0.3907660464154351,0.40672707522082324
Fibroblast adventitial,0.5687633876834737,0.5205466169126397,0.5613741528244798,0.7245242677504085,0.8585232428340442,0.9486612998859466,0.20629677433046537,0.8169875338183891,0.7331921984725718,0.965580009739614,0.8685360330498001,0.0,0.7967605052363084,6.6894715555143315e-34,0.29112361572602125,0.6728991696441677,0.9341578343894887,0.977174450805174,0.7472446266621827,0.8768967938296877,0.051970912964778446,0.5630613138598572,0.6335319851052185,1.5089477384849725e-07,0.5335202161710693,0.6493431610123426,0.560017394814623,0.8035161971866663,0.3377781786795185,0.2354036099521975,0.3165848768023463,0.605452112224319,0.07638855374292727,0.5691315261466041,0.9776078721076922,0.612609935471524,0.7806484204162499,0.9182413432017459,0.992044378195779,0.8830839861939721,0.8808579344913618,0.8531521440688832,0.4949453051054425,0.0014110307462751569,0.6556673142041859,0.7561110524224234,0.7391683517512978,0.9417330111832355,0.8611504305804031,0.8012620173548048,0.9286377449357867,0.7233379180050649,0.8585470645693979,0.5099553900971829,0.8729760579403071,0.7529371811314984,0.7437114667691092,0.8993419260024184,0.7223269337836774,0.9874378969610014,0.838353701898135,0.7401452143337158,0.4408022001900652,0.25452867638353627,0.2857244554877087,0.6155621077110444,0.7011423201176905,0.7636849077917488
Fibroblast alveolar,0.7470311353984888,0.9524577773065538,0.09493635470061977,0.4706817338739652,0.7589420519605921,0.41033449923909965,0.9291880696087587,0.5629293916474211,0.48545499539718906,0.5925052038172259,0.0008987395272998391,0.7967605052363084,0.0,0.42063097639438557,0.40435352585036305,0.3029543529212047,0.022259496923979313,0.9419769103775874,0.2264423848821494,0.5612698765405825,0.15914106116371188,0.22475462008940356,0.29551388006438445,0.33627559480037544,0.8368326605960431,0.4348356247658842,0.8833900465136048,0.000357774297489478,0.15844683286081201,0.1228336483335378,0.8985953120593583,0.21393420526602608,0.6861318657338449,0.02503168207610656,0.21999952002872236,0.8442808017251118,0.6340572981515207,0.5170116833296952,0.8189470545759697,0.6976414090498422,0.5946986072287932,0.8003706264717838,0.20941646277125567,0.38313539932598056,0.8363240185311129,0.6684420216228992,0.6891399795684982,0.8550453049367754,0.6381641844899476,0.5228624690984742,0.5329647288977961,0.4355507999420773,0.6888998983890529,0.6545217530844267,0.910117147562793,0.695014600023774,0.9350005555818215,0.7158711277339093,0.7379016450806326,0.5495606274819704,0.6480489562538175,0.8383966734408356,0.04754716884412984,0.6566009517646885,0.6266836071704832,0.7768856135205313,0.7002667041766544,0.898627339369347
Fibroblast peribronchial,0.7975023331112991,0.1634156018455836,0.6023509765148916,0.7926274218675037,0.41740172680941257,0.6327394312306306,0.21412345545242706,0.8539385397633891,0.6829355866644462,0.29665105339655995,0.6489685474957723,6.6894715555143315e-34,0.42063097639438557,0.0,0.010192230453795999,0.5064970439329981,0.4997609045375929,0.6090585437515672,0.4944948909534943,0.7664165514296759,0.3056401171216337,0.9749711422033428,0.6214503079090381,2.3856482032358756e-08,0.9611016587468999,0.7278100020013809,0.2939206081226721,0.3124501221265768,0.07800587610709,0.4107679234192282,0.1476083473393618,0.6718890886214668,0.015244691293150623,0.2789574205382049,0.8327035309473753,0.7855146075588162,0.8778091912614181,0.8121834134509286,0.29319380060244576,0.7383022991407939,0.5762894116832857,0.6498806759489547,0.005283717309860734,0.00040001835624329455,0.5060880136723227,0.46802867721371605,0.49099714513832043,0.853376031063173,0.6148322268202233,0.0018644659520499185,0.040097472160908525,0.4290832789877028,0.9554249195081522,0.7328970719106738,0.8744335619628635,0.6854179936936939,0.8010188759489018,0.7877790380627829,0.5096473551973719,0.6088690188759179,0.8004656760681448,0.5969209572767895,0.587173527415304,0.07040476799058049,0.5344485280284794,0.5931969332280231,0.10159981986702542,0.236914859314931
Macrophage,0.8806755151618899,0.0900457674679821,0.02205385698528379,0.8034786482523634,0.1326283284594002,0.14561498811011406,0.8758191856972557,0.9553296413806837,0.9171961472925741,0.5988933157735098,0.5019480052069877,0.29112361572602125,0.40435352585036305,0.010192230453795999,0.0,0.8908365477910183,0.04821048841602679,0.48056093256955557,0.0989874705773163,0.2556715873367044,0.5437236569037425,0.003074059598666108,0.39829749864352426,0.7171549939231255,0.24121715201883645,0.012573001075901497,0.005621981888461944,0.6114572315750959,0.04118147160626016,0.1312878764322348,5.023605970997685e-06,0.367527791656411,5.372860227998613e-05,0.1495228429886207,0.4487979915618132,0.8491865555153009,0.8549650899117726,0.899574061680798,0.1318178896863719,0.3364967648773565,0.3155876827778616,0.2514598305791446,0.1285998313225453,0.36442838257585614,0.15927658056407112,0.8442311539397557,0.35953210395061413,0.9018819778337046,0.02099630445858502,0.10162195937260309,0.525558137975346,0.8925952131486602,0.9009335501699923,0.21126894339569555,0.03467331874543928,0.0005922155126644077,0.7781211805106707,0.5069394061521745,0.08000193471001647,0.4537515235389763,0.9539202481397434,0.3565326707491997,0.006058731578764592,6.667089655744176e-05,0.00011363463170714313,0.9412380229165611,1.975390234411257e-06,0.24573829914097192
Macrophage alveolar,0.8055360245213947,0.237921713302478,0.03599288929766188,0.24228719510106425,0.7705686088303214,0.32715322148885173,0.01626627589545024,0.3896411222945474,0.6737345260229989,0.46358927075891543,0.5100154201666133,0.6728991696441677,0.3029543529212047,0.5064970439329981,0.8908365477910183,0.0,0.38146283008323384,0.573266354098353,0.14363040860697315,0.5669638956559866,0.5245379670201694,0.7303059467490285,0.5239658066326367,0.37125041230198824,0.7957126831493071,0.23943890662632433,0.002063057266995115,0.32558231664149667,0.009591171378537605,0.44646641057225117,0.15216995076171083,0.06961792122462844,0.030240175229647868,0.03376925695994858,0.08623541376449671,0.045698838528771143,0.00015790869561359635,0.46038213169797404,0.22768431217970062,0.006038153183252572,0.7050807092542783,0.7916128644045934,0.5692641568816265,0.340779305136925,0.21131522882207174,0.3220787013405431,0.20218107072668604,0.32161696120472394,0.7941767470787208,0.5588601180441841,0.9819100448125202,0.43855857099986484,0.49262305242601145,0.03807369613635664,0.8644938802762733,0.7417164844575752,0.5075169877880644,0.6666640061498323,0.737745692382765,0.5045159568656202,0.3677684619334005,0.47369938091266667,0.19969888680078937,0.6632846978415354,0.451772980369717,0.09172980808696969,0.9301524904253398,0.9312127147910334
Mast cell,0.07881118378058569,0.0014191421790455225,0.16150971740050563,0.4310973868462965,0.2502648027405827,0.5682948111700635,0.005712810873986829,0.07566089889551814,0.8510235543531424,0.8754042127961875,1.9816315552870178e-05,0.9341578343894887,0.022259496923979313,0.4997609045375929,0.04821048841602679,0.38146283008323384,0.0,0.16395933213436575,0.310680572234455,0.4560445719649862,0.7251558244861467,0.046237872091918424,0.31733934596373536,2.1350364850940347e-05,0.23543195947195827,0.25093254910340385,0.0017720933688045385,0.0001938566382812709,0.05088637477827244,0.14589684368530742,0.0021801122530493624,0.009236852365557054,0.5734442055656808,0.23002608768183608,0.0073445074462907,0.034032992058936236,0.32095730599004957,0.5447058414080505,0.3572118104622299,0.4010033732350867,0.4374947192122222,0.22495937067786942,0.17524131247089478,0.25309938604971405,0.16505087547381445,0.47124900474128834,0.09568683237186534,0.1645383241744664,0.27561725888499916,0.8700941135771586,0.7486128593960566,0.15154396975244974,0.2723357453901415,7.109366865689978e-06,0.90217437700168,0.9144526159313202,0.012013381377973193,0.7911900762495616,0.28090647658600676,0.301297102109661,0.3799584688128199,0.06310376968567075,0.2592288370891384,0.9928137043491114,0.5701108093806379,0.8765646249406416,0.29236928272103535,0.5207093187921077
Mesothelial,0.009988699408464845,0.09375747750976911,0.7958870198276143,0.8466963635188792,1.1617908500353624e-26,1.8786420230385258e-06,0.18445496410427725,0.3318720565083575,0.5796312762566034,1.0635785259683863e-19,0.6732658923384646,0.977174450805174,0.9419769103775874,0.6090585437515672,0.48056093256955557,0.573266354098353,0.16395933213436575,0.0,0.5329705557574573,2.6026908753809274e-25,1.1630073123112105e-11,0.5757695525072022,0.28259649723644115,0.7497146530098202,0.4949701995151605,0.43625830059930143,0.3518676139334489,0.795500131501311,0.19036021457820357,0.5684483180181353,0.2808578295923383,0.7797902341015832,0.1845744066551335,0.9422970998161782,0.9627428839182905,2.2784958592379679e-07,0.08982259320717453,0.7226930636442991,0.670771502300468,0.8674563697602653,0.815616709801266,0.7705117295678405,0.6993235731221433,0.5644089469633323,0.4834279811871379,0.8005051182011952,0.9369269891130476,0.9590588244359908,0.7812317130068873,0.6551139593148687,0.7198456809928666,0.6735567368122037,0.6554098629847122,0.7942768287725166,0.7740672582352608,0.7032701777173368,0.8262878395279842,0.8211679408750707,0.7256654398902036,0.8834880017651642,0.7150002116985336,0.8240840736955174,0.3960218174688473,0.8068954459507415,0.5895803262590342,0.5960040158688527,0.4329861274947881,0.9425019951031363
Monocyte classical,0.4828018594089246,0.4611960751909007,0.0353805038479897,0.6048492003012447,0.5475070892059537,0.7266718617822113,0.02603275474064031,0.538289706767931,0.5792841669522938,0.7133827720851689,0.7497931748093014,0.7472446266621827,0.2264423848821494,0.4944948909534943,0.0989874705773163,0.14363040860697315,0.310680572234455,0.5329705557574573,0.0,0.23712113828071119,0.15403179344404092,0.16461596520457705,0.935382698962479,0.4452208080481622,0.1995802599287201,0.5974415750479598,0.06569670553680476,0.8580561137707792,0.024799872277456562,0.8779129702535026,0.4296355741504871,0.20616635480691595,0.7588898123499414,0.0013426420299930669,0.03460840579303159,0.2233540255237252,0.014271655598076445,0.44127515395948086,0.8445767934380305,0.5570196031297903,0.36479150876788163,0.710821588240721,0.19935248068430084,0.6061796242477586,0.29457311131573904,0.1936679463801532,0.4670019236893004,0.33867725517516883,0.059514378853477705,0.7699089865815597,0.15285479092877147,0.2907746183422648,0.2550605776716358,0.004029783563572531,0.7682764598330137,0.3295384801147797,0.4621374259241096,0.6710110387270494,0.7568070530879967,0.251794889916464,0.7896305624333112,0.8740163084943189,0.11756764921053489,0.654197405278346,0.31214808229731156,0.06875167048777092,0.04382628701032336,0.1614712774251941
Monocyte non-classical,0.00021750824739694724,0.13983076532160588,0.20883312729374448,0.5103760075637509,1.5637756097733287e-20,7.485152653776638e-05,0.5435778842928342,0.005577371388792966,0.24104224743061167,3.185640579028864e-17,0.3536521251058339,0.8768967938296877,0.5612698765405825,0.7664165514296759,0.2556715873367044,0.5669638956559866,0.4560445719649862,2.6026908753809274e-25,0.23712113828071119,0.0,1.0489227066395582e-17,0.0011989392503312882,0.8693017106692472,0.8147019393867465,0.2672806366741383,0.6001088684507353,0.26742732482553155,0.9978027639757798,0.17941494556767068,0.7791177152948197,0.026672464423332085,0.5578506002435021,0.02491624139436097,0.47317638361777326,0.9240858008070943,9.695049136766131e-11,0.3719723916920565,0.9274389804129214,0.013952569914845291,0.7304297184401192,0.7220054159511566,0.5050649514987153,0.5669497465512688,0.2195342205766676,0.368075393448872,0.5880268677454177,0.5029958010932473,0.2805236677655096,0.8600133921929499,0.063896146319127,0.839060828329058,0.5642898319693724,0.5852454760539568,0.4175242810149798,0.03716969022431877,0.5800856735669483,0.9327815136369987,0.7302215676717048,0.4428125432214053,0.9148767420439727,0.09218861177070214,0.6279748459877899,0.007841673524671581,0.12995879797790827,0.4459156019230899,0.003323539821146127,0.06905781208472646,0.5466603756101017
NK cell,0.01477017236469577,0.0380388097080809,0.10104727586679593,0.18163226329225757,8.06720629165768e-10,0.03011636274230083,0.38589733029932605,0.31521324627303837,0.5423807201412715,1.5305796238627348e-07,0.21081179956657503,0.051970912964778446,0.15914106116371188,0.3056401171216337,0.5437236569037425,0.5245379670201694,0.7251558244861467,1.1630073123112105e-11,0.15403179344404092,1.0489227066395582e-17,0.0,0.006307040397940312,0.44705488303139823,0.9110084668897697,0.08466659625239807,0.36169805579767994,0.2012519926484611,0.1592095891373134,0.4650631230479574,0.1118420539972741,0.8788322782144112,0.2613612994666566,0.7038410859000437,0.8235436212456149,0.28465714171349676,3.2206345084259303e-12,0.9261738919822259,0.8348869686786499,0.5989027952592545,0.43651302556509985,0.9401097725151395,0.29321011280261394,0.27841755372186766,0.517529168921599,0.6403182139534503,0.9275813917809671,0.7162705293407988,0.07939834958331678,0.9472279016225845,0.33990721910337457,0.4779988923454341,0.2729401015356058,0.5367613095666386,0.7833808850415368,0.6590852174519561,0.16928580365222023,0.9363901450420937,0.6751588158227336,0.3229200961286333,0.6071564734393503,0.11031862979858562,0.7592419888371815,0.4241101901104545,0.7772797764639114,0.641953115803665,0.7225642701616136,0.7579192022135718,0.09304175449332723
NK cell dividing,0.8793209394775973,0.07868910624872862,0.18115388555179757,0.8988913785495485,0.2274236212564806,0.17186502676391135,0.8461746839171048,0.437375534741821,0.5114506989101145,0.3423767657316636,0.41820951112430865,0.5630613138598572,0.22475462008940356,0.9749711422033428,0.003074059598666108,0.7303059467490285,0.046237872091918424,0.5757695525072022,0.16461596520457705,0.0011989392503312882,0.006307040397940312,0.0,0.5326127704952563,0.8986680839356713,0.32164343059003603,0.629649303703383,0.09198958697877958,0.7826277853628605,0.06634328345222136,0.007550162958473539,0.04568086774798321,0.2046840464999459,0.12161241762116316,0.5115763484492768,0.9918124067367471,0.14479111891944488,0.1434730062515587,0.0012482994106255594,0.00010541864662049903,0.8879937785167505,0.5583069650988929,0.023500538533485826,0.11190735390527397,0.13767044655032726,0.47879615825203775,0.5483553055445752,0.513561387807261,0.32318678709062737,0.4001593538763892,0.040462168587421604,0.6422692885286837,0.10431990030325258,0.026040494668707587,0.03183075518918971,0.6733689741509229,0.35314290670222803,0.5055554358964606,0.46677570801661317,0.2341795367820914,2.0215765802115035e-05,0.11771579403923929,0.7745201841967037,0.026328805267587754,0.004116390830956295,3.116973901752725e-05,0.03849679806140109,0.03252126533369976,0.07841029555422847
Neutrophils,0.3967708265433258,0.4448937779494253,0.2848476636535398,0.942251097124862,0.5044662502821607,0.48599618733331523,0.10295484508480374,0.36135105072897994,0.5126286595734129,0.37658889558858627,0.14705815763748484,0.6335319851052185,0.29551388006438445,0.6214503079090381,0.39829749864352426,0.5239658066326367,0.31733934596373536,0.28259649723644115,0.935382698962479,0.8693017106692472,0.44705488303139823,0.5326127704952563,0.0,0.49298419094415824,0.6891937545243816,0.7707293010288785,0.4932876317027516,0.5121642649758164,0.04008451007085899,0.2364812536769746,0.16798941443895493,0.9889962728632715,0.08497909758624846,0.690166216086379,0.9458627371491467,0.7345006201978851,0.3569959650886318,0.6508940312204824,0.5031988398485961,0.7621084678126171,0.6633842255879536,0.6706889197376719,0.08890751710841605,0.541545156737994,0.8270766782378047,0.4444640893079161,0.41213178446482474,0.6421869739283468,0.5657530999928898,0.804909240703556,0.39417230664788083,0.04322413155111073,0.5769638189074184,0.3219363557844827,0.7006490009595888,0.4746797362170772,0.7484762886352064,0.8036045515640821,0.6536565371908541,0.95046136346323,0.7777364551651171,0.1370554692620084,0.3207476070393728,0.18864535154805076,0.3239209973276866,0.5234099506235997,0.44728952740436634,0.35674928098415687
Pericyte,0.7934841516270283,0.1718322273937048,0.5052835222695193,0.6241189510599455,0.4480694757323526,0.679379790523093,0.08229067549033812,0.6156414799713936,0.9745155065686749,0.892401582598936,0.0008026049608430268,1.5089477384849725e-07,0.33627559480037544,2.3856482032358756e-08,0.7171549939231255,0.37125041230198824,2.1350364850940347e-05,0.7497146530098202,0.4452208080481622,0.8147019393867465,0.9110084668897697,0.8986680839356713,0.49298419094415824,0.0,0.3853354371676886,0.44010770102285024,0.458061271827257,2.567095717484852e-06,0.06855145833852756,0.9836076107912212,0.3315839300648562,0.7997690311109972,0.18841363670097108,0.6721545660243334,0.8042192918988135,0.555513838100897,0.39916228119033464,0.018915476339638537,0.8497003669869738,0.7472297991793431,0.7979404836092145,0.5780445058319694,0.7312996344474162,0.4086672391238922,0.5066110960311146,0.5212614441834434,0.49192140038730975,0.30793773652089634,0.9579167846004628,0.7855430114935599,0.7580472146896422,0.48530805262230275,0.6262410309839909,0.001147567996772639,0.6395240863160725,0.885898075317782,0.8597604115312318,0.7553076165915881,0.5244813680551809,0.29378935986737187,0.09359501337150992,0.9514997840439796,0.3846943905965014,0.016160834624116195,0.4818935409241356,0.013284093911558005,0.01897189833686894,0.39704603349577416
Plasma cell,0.17661452132815444,0.12577137022221943,0.21138048761778447,0.6477164672039909,0.4102327578278464,0.5015579878094248,0.16350593320603965,0.47091662466954703,0.8545885762925327,0.4000411595204114,0.3715875497326359,0.5335202161710693,0.8368326605960431,0.9611016587468999,0.24121715201883645,0.7957126831493071,0.23543195947195827,0.4949701995151605,0.1995802599287201,0.2672806366741383,0.08466659625239807,0.32164343059003603,0.6891937545243816,0.3853354371676886,0.0,0.1902906753772032,0.07529667790485957,0.955097133813567,0.817419883269136,0.2673184265239314,0.20904226568758752,0.8248614278019286,0.2143710310043431,0.6256624568228569,0.6570937659098994,0.3328016260523271,0.7275146186033525,0.8116647294041678,0.4282651716400007,0.989320320087829,0.049089905998243345,0.7703943085661232,0.26878175935126053,0.6121755098346051,0.6449106913420486,0.16045464773539267,0.3713605672631672,0.6521440210534104,0.5616923219210945,0.4476676757335194,0.7920329640959314,0.5941731604151433,0.4971383119041358,0.17951385423569433,0.9184645756132671,0.3624249353285711,0.9665314476888286,0.9761773246037143,0.8444230167628775,0.5499587689083689,0.6205243889019142,0.8644804245481638,0.7887291892495253,0.08743357918369474,0.3811635207712131,0.4829384565730478,0.8686572072470521,0.16568582297549767
Plasma cell dividing,0.6040648243088301,0.11843750516148419,0.47543405606475786,0.11852773138341355,0.860774926529924,0.16733399623549314,0.020722018071509165,0.7679320860217569,0.5733398957412723,0.22985877014153408,0.5474668226295795,0.6493431610123426,0.4348356247658842,0.7278100020013809,0.012573001075901497,0.23943890662632433,0.25093254910340385,0.43625830059930143,0.5974415750479598,0.6001088684507353,0.36169805579767994,0.629649303703383,0.7707293010288785,0.44010770102285024,0.1902906753772032,0.0,0.11094469648432295,0.7034749912819162,0.2873716693598345,0.056400291346900736,0.013736208127749124,3.696283804221493e-06,0.07878078998049778,0.022651271355131886,2.2856308162426927e-07,0.015557628260242562,0.011046248431028787,0.926896657945787,0.07767517003906396,0.8724718590948252,0.49802125128275143,0.9733578408288505,0.0234732856961734,0.49287129532951973,0.2708007921413776,0.33981104513552896,0.16208859855521063,0.08668811120922833,0.7960301507847077,0.8557535542211755,0.518697025921253,0.17839662500738454,0.10185434257944712,0.15411943845055245,0.01833671582605428,0.5267800227059725,0.3837058780599087,0.7607302090769156,0.3274437636525481,0.7965372628361913,0.10117372216656886,0.5191318135984724,0.000519320496919562,0.00029976308217585595,0.7138118132005135,0.17908254312020808,0.0170877725405012,0.21857663334451236
ROS1+ healthy epithelial,0.0014681315161594868,1.6098200470518787e-15,0.02864475988316235,0.30798936082108114,0.6656884438555046,0.821680329359734,0.005859084554612406,0.16227468045974053,0.4735059821634189,0.5244349927842292,0.8853453606920471,0.560017394814623,0.8833900465136048,0.2939206081226721,0.005621981888461944,0.002063057266995115,0.0017720933688045385,0.3518676139334489,0.06569670553680476,0.26742732482553155,0.2012519926484611,0.09198958697877958,0.4932876317027516,0.458061271827257,0.07529667790485957,0.11094469648432295,0.0,0.6199570718283717,0.06563797097747476,0.07827806113922768,0.00010964430681132505,0.056570494618582705,0.007788494822210457,0.002584017998150676,0.0585140811815986,0.34647212600759575,0.026444129334592358,0.6040972688200985,0.22774741184980477,0.6957247892417974,0.43138015565454324,0.3738422351884494,0.13135527766703584,0.29500471364591324,0.03136378486319605,0.30036417116788267,0.3684763047170071,0.24977317132448562,0.5882203241700875,0.3727500500463627,0.5322430375923823,0.38008613394218266,0.4369478135470621,2.146622248836426e-05,0.6172222647017486,0.466121027936345,0.21517477068938679,0.9785240980212414,0.01046557095404282,0.46173852452938213,0.36099751310301803,0.2975300366271571,0.015702588497917013,0.29315649363159657,0.4135926151531923,0.2089115236176124,0.21395439195930455,0.9103488072618244
Smooth muscle cell,0.9925914816063751,0.9249906381414312,0.7066126419438986,0.558735763784365,0.7733696160728454,0.15511187368724483,0.12225760208184581,0.04473841405167632,0.361018423917959,0.5203699472433545,2.2575872688952716e-08,0.8035161971866663,0.000357774297489478,0.3124501221265768,0.6114572315750959,0.32558231664149667,0.0001938566382812709,0.795500131501311,0.8580561137707792,0.9978027639757798,0.1592095891373134,0.7826277853628605,0.5121642649758164,2.567095717484852e-06,0.955097133813567,0.7034749912819162,0.6199570718283717,0.0,0.35587400422601306,0.9569818120969014,0.4008087168591786,0.5887620814564125,0.5371993945164772,0.9890366458176052,0.43121843723489095,0.28401189612282773,0.4678044432913497,1.863186664283042e-14,0.9875628228073943,0.8133050581995119,0.9908201759180238,0.8624281562100551,0.4889762779279251,0.5154005186563244,0.6778855511606323,0.873984481035786,0.8946110821875402,0.463223387010862,0.7873658044677794,0.6806126678605455,0.7792931741247339,0.573934183863493,0.692705902326953,0.6655332418270431,0.7992281926168242,0.8487315996573864,0.8014831433197777,0.8076472228441895,0.5835890819414516,0.5720654572973228,0.22254139267378276,0.9996552438476548,0.9858662308207009,0.0008050819716873165,0.20880718279571062,0.15232608509022588,0.6209007901422449,0.9467500749413782
T cell CD4,0.16860797731434862,0.045805887552010274,0.016856355022709386,0.6218038301441666,0.163206212874399,0.1563760091219409,0.6689181914511532,0.4366263441273862,0.7527623939314957,0.17042090620925535,0.256318637030036,0.3377781786795185,0.15844683286081201,0.07800587610709,0.04118147160626016,0.009591171378537605,0.05088637477827244,0.19036021457820357,0.024799872277456562,0.17941494556767068,0.4650631230479574,0.06634328345222136,0.04008451007085899,0.06855145833852756,0.817419883269136,0.2873716693598345,0.06563797097747476,0.35587400422601306,0.0,0.015882985562847805,0.36367243971873253,0.07997910572967099,0.02375739910448872,0.3475159816812676,0.18464080024621107,0.5231246234628076,0.0016929268787279433,0.2600376856058894,0.5275950888929993,0.3194147248317951,0.6049746163851248,0.05392266221104198,0.03845000117027439,0.05541721079294673,0.3727548884172922,0.3120685471305586,0.5261714205752768,0.23912775559609636,0.7865744508049827,0.2625133987184882,0.5208721027852798,0.05403336300962113,0.9318738205292547,0.06284080049617947,0.2742954161829939,0.2798663291362601,0.6393411110264482,0.6562471311620486,0.27219616262457,0.3091128762959784,0.2963886784679043,0.6713754720675279,0.028952555804045335,0.6779051556133566,0.09987226567000858,0.54567362621463,0.3094994597464608,0.05661491205857987
