cell_type_adjusted,B cell,B cell dividing,Ciliated,Club_AT2/1_high,DC mature,Endothelial cell arterial,Endothelial cell capillary,Endothelial cell lymphatic,Endothelial cell venous,Fibroblast adventitial,Fibroblast alveolar,Fibroblast peribronchial,Macrophage,Macrophage alveolar,Mast cell,Mesothelial,Monocyte classical,Monocyte non-classical,NK cell,NK cell dividing,Neutrophils,Pericyte,Plasma cell,Plasma cell dividing,Smooth muscle cell,T cell CD4,T cell CD4 dividing,T cell CD8 activated,T cell CD8 dividing,T cell CD8 effector memory,T cell CD8 naive,T cell CD8 terminally exhausted,T cell NK-like,T cell regulatory,Tumor Adeno_Squamous,Tumor EMT_lowProlif,Tumor Evasive_HighProlif,Tumor Evasive_Prolif,Tumor Hypoxic_Prolif,Tumor LUAD_MSLN,Tumor Macrophage_Swallow,Tumor NSCLC_Prolif,Tumor OxPhos_Prolif,Tumor Secretory_LUAD,Tumor TTF1+_Quiescent,cDC1,cDC2,myeloid dividing,pDC,stromal dividing
B cell,1.0,0.5115069530514,-0.025679723480679092,-0.14131618916745003,-0.17897595576429184,0.27164403330512293,0.38293995653346913,-0.04469149587694045,0.20236814688527333,-0.04979362116885357,0.15973756606252731,-0.04454366351165478,-0.1679641660286886,-0.19885302457794224,-0.11766306680840603,0.06536463010030205,-0.13541971798712268,-0.09832801373847776,-0.14929162425492518,-0.10168370115848861,-0.09785075010120166,-0.06640571127130991,0.11674770240349311,-0.013699573866471403,-0.04245283015566896,0.2842082744673268,-0.043376015187890776,-0.12082794352964957,-0.03628009605958936,0.038964287380597,0.47344020525094155,-0.04534583830524113,0.009496641582695805,0.031859579317394825,-0.060859459666917255,-0.13697229575323036,0.13191004171033677,-0.04564156997369807,-0.07790353043121571,-0.03995698979203286,-0.1635386768822504,-0.10305162918988044,-0.11513074106624013,-0.03065874882475982,-0.2506045472071752,0.03688204490719518,-0.22426415779230371,-0.10708440750969142,-0.05468413451491211,-0.05843686162424947
B cell dividing,0.5115069530514,1.0,-0.014076735589289756,-0.055404576794762024,-0.024315313151614934,-0.028912017485596752,-0.026223954970175236,-0.02966708746723225,-0.08485432043674819,-0.0291651188153457,-0.05292444659017337,0.003451463468169059,-0.020915237728525406,0.027649309104090282,-0.03316923474589667,0.042342065719479814,0.037435362260191875,-0.04518801987262738,-0.14030967689976814,-0.04870842516084798,0.009344166312655864,-0.05040667146271574,0.04860594581247314,0.19178900138715183,-0.051593223208757304,0.09115205085695391,0.2454597032613294,-0.14881757836464693,0.06717591297844366,-0.1422615517023738,0.14619046974619027,0.017485269716268886,-0.10835145158477566,0.03520232751549049,-0.024278729564102937,-0.09378183996454313,-0.049268332615669444,-0.03158424757921141,-0.02727827706298951,0.05229912065998912,-0.11213570179744449,-0.07006638855781251,-0.04808213354181803,-0.03450426697995312,-0.13009807783575006,-0.022964170844043556,-0.08136948623772779,0.024465618015418324,-0.035675025941940615,-0.005113880894364347
Ciliated,-0.025679723480679092,-0.014076735589289756,1.0,-0.025444280720189297,0.04964054765120184,0.05674091989010914,-0.017732480031642538,0.5001683258196628,-0.035996660740451464,-0.009953974609491892,-0.07306363666720028,-0.09177874871002897,-0.0970361494441823,0.30721329346084403,-0.15551182498106572,-0.022974929496166356,0.01304770623574823,0.47078323747563133,0.37015317963881733,0.20727071045972625,-0.07179623936178557,-0.08927212299322908,-0.10668058484199337,-0.025368878625712767,-0.043479367011259776,-0.131857168606754,-0.10963640068482841,-0.15327125321424095,-0.04127171862673763,-0.24219708719880703,0.005077236915085437,-0.07893614025891521,0.26744532086777695,-0.27630345674147444,-0.02177667433157044,-0.09545922190375931,0.002365574457216272,-0.07822868831797858,0.14495981079883252,-0.030348054062693388,-0.08749297531229437,-0.025810624839512727,0.0021283104825166065,0.1837013797676395,-0.042816169678242616,0.0750913715831643,0.1145995042475004,0.22514000873948317,-0.0069508743822789465,-0.055579110314364244
Club_AT2/1_high,-0.14131618916745003,-0.055404576794762024,-0.025444280720189297,1.0,-0.07962115994122611,-0.044557764387951296,-0.03263610025254605,0.04682659633835019,0.09864243873695813,-0.02154713867408476,-0.004924808544923792,-0.07867605416755576,0.07269615611049016,-0.02294564531244162,0.02163805582497703,-0.02729925704567711,-0.12366738963030502,-0.03651755847403077,-0.13068731434402614,-0.09986287876191523,-0.054676603588964943,-0.05355956187995508,-0.09002294575251525,-0.08040928017537208,-0.005207393372779743,-0.09375864202344526,-0.15405564797702856,-0.14599044822613494,-0.09746306367344967,-0.21394346091692204,-0.04692252764060074,-0.09456628470374169,-0.05920527628128962,-0.2588667059099179,-0.01986327983856187,-0.022048514213417046,-0.01543354114587496,-0.05197076198932425,-0.008642794675549808,-0.020248584209319437,-0.04388913580266955,-0.09777804324609486,-0.004216072800471854,-0.0019142870006274124,-0.0024912365193031777,-0.04511207236025545,-0.06844390342988206,-0.04633244431534565,-0.11998572310536315,-0.04133758038835899
DC mature,-0.17897595576429184,-0.024315313151614934,0.04964054765120184,-0.07962115994122611,1.0,0.006128981991624061,-0.032391789378456715,-0.07174313128780326,0.04984700016065942,-0.10214377327048584,0.04673852801767415,-0.08888559844863653,0.08657091721739886,0.11118541378879208,0.13722370880900236,-0.09594461180256114,0.11449026475601953,-0.0929969291154363,0.020600236063212346,0.023332548225610435,-0.1722188617621405,0.0200133076740317,-0.1146020131481789,0.2631856251457477,0.19195387940329495,-0.047491044362158605,0.15252113846567739,0.043856337368140916,-0.023400892873218174,0.11085855398177093,-0.10796834910604074,0.0012003537429378448,-0.019499247890290256,0.21721606219254008,-0.0756461346721965,0.027762323659322845,-0.07458256660729133,-0.20370954074362968,0.05653865734740981,-0.07741731192616862,0.1262629948837862,-0.09344531752505375,-0.025151343489673402,-0.06841662618561178,0.04305769670082475,0.13831444818616187,0.5533528070185826,0.19148481181232418,-0.028860329714055766,0.22541515811937277
Endothelial cell arterial,0.27164403330512293,-0.028912017485596752,0.05674091989010914,-0.044557764387951296,0.006128981991624061,1.0,0.7268516366972291,0.10645952559177131,0.5558235299791635,-0.015616793789315195,0.06681337106714903,-0.018843713986254222,-0.018706308396586647,-0.051544243977646315,0.16252626122534694,0.01804905860747678,-0.0794190861964088,0.1999042564770286,0.047763518494605924,0.003459182235873331,-0.057652620778596154,0.01828939229302503,0.06844501848700318,-0.04089564002369595,0.1551654762808287,0.031274227367460786,-0.09693736545629072,-0.21132544204253964,-0.05523933695292869,-0.07517015399069833,0.4211534678679848,-0.06961595420618487,0.21667855564977498,-0.12465475406004528,-0.0009071960304848262,-0.12296002959686449,0.09548988365881902,-0.05870148087608811,0.009341778848069183,0.011586392212887929,-0.13425166691695314,-0.041020158926004864,-0.05231212591149254,0.16637705356687676,-0.09722188782677639,0.21386693136150958,0.03168252062772115,-0.019283854809091477,0.0075162758596167036,0.025379824660269747
Endothelial cell capillary,0.38293995653346913,-0.026223954970175236,-0.017732480031642538,-0.03263610025254605,-0.032391789378456715,0.7268516366972291,1.0,0.022023273394470463,0.534271423037969,-0.02350035833686705,0.07114420755639643,-0.03517680244158419,0.01762706953914005,-0.04369998238819966,0.008950017635517058,-0.023395595210504733,-0.08089892522358563,0.09138813251022222,0.009926920353173599,-0.021336701065524148,-0.055915355085852894,0.008877711973330244,0.033037293204108226,0.0357335740491312,0.0786910643035355,0.010719019251760522,-0.07619624223249923,-0.14767700127214994,0.006485999027184875,-0.09363750833727828,0.4678243318778586,0.001790842942811789,0.15996055669180062,-0.07299083677339269,-0.021067447392635826,-0.07367419010802832,-0.038642775983957565,0.015716823932317325,-0.006622748809882438,-0.02147610999151483,-0.09488037849303957,-0.06793847529033581,-0.03885483354788745,0.027118275009834332,-0.09083013890053301,0.14257404704003435,0.00027273553265312644,-0.064906466673817,-0.0267187569792452,0.10600528914900048
Endothelial cell lymphatic,-0.04469149587694045,-0.02966708746723225,0.5001683258196628,0.04682659633835019,-0.07174313128780326,0.10645952559177131,0.022023273394470463,1.0,0.1622676599960456,0.027649886931266254,0.057443884616860744,0.08116355562788509,-0.038955467588533015,-0.07277905537825693,-0.011709884365522737,0.057421484663168904,0.026757659382898143,0.6976977367721084,0.45229345029822976,0.11346434999380368,-0.07449893758512656,-0.00272397651647336,-0.06842624794577185,-0.0836102411151272,0.04967060504755468,-0.08528025445165781,-0.11868012422550181,-0.11346978749601258,0.0706210544763469,-0.15825319915488734,0.02042535147228351,0.06716014807521548,0.3963602785762239,-0.20053341144404885,-0.03729682499948085,0.024046293086988104,-0.06470237822199451,0.04503725627744094,0.14521705419780995,-0.03802030217970871,-0.08107457863323542,-0.005438534572746031,-0.02792373866195999,0.13170713861301703,-0.046366297889347305,0.04956289101591344,-0.0006910218163115209,-0.022509899220671772,0.008053428950823225,-0.029870902309406262
Endothelial cell venous,0.20236814688527333,-0.08485432043674819,-0.035996660740451464,0.09864243873695813,0.04984700016065942,0.5558235299791635,0.534271423037969,0.1622676599960456,1.0,-0.016640666902908812,0.28018779472833205,0.027287338113857012,-0.04301692886616751,-0.09334744469793116,0.33688269764772544,0.10343332004095698,-0.06498557232445801,0.09238572813491934,-0.11625327799285604,-0.014542401259372931,-0.13018813513408012,0.2976663753581078,0.09822938762267866,-0.08836445229725001,0.4707156592221522,-0.06686875246624295,-0.13937685929759971,-0.06598424945829603,-0.10214389676391418,-0.03849873073600618,0.18490292978633402,-0.1070163472906811,0.0009841442046340599,-0.20325319743551584,-0.042800126743880076,0.2412770825932273,-0.020622799710929004,-0.11576787187640789,0.09573578899145198,-0.045597224062926045,-0.09992400323152069,0.034152508276106226,-0.04447368774806055,0.008656376274276144,-0.03186363706911131,0.0466150806102732,0.07220455595955629,-0.07833753098807193,0.08346263120771003,0.08977031026322063
Fibroblast adventitial,-0.04979362116885357,-0.0291651188153457,-0.009953974609491892,-0.02154713867408476,-0.10214377327048584,-0.015616793789315195,-0.02350035833686705,0.027649886931266254,-0.016640666902908812,1.0,0.021982993942351883,0.8535712500527839,0.09339697982934449,-0.034265763757947036,-0.008663668213578765,-0.0013398445921375473,-0.038724320491940856,0.01788592962205374,0.17783138594631764,-0.02952300215498395,-0.04104297758971704,0.5771363328415683,-0.053886834248594556,-0.038197669183869146,0.01815016860841709,-0.05229610163990228,-0.10607127867757672,-0.1022230135548383,-0.04326003827950267,-0.14960621206370306,-0.0508588723844783,0.0016921033303006492,0.0993832386390366,-0.05557063375982414,-0.01058011508556621,-0.05094996014982019,-0.02803609983564859,-0.022903300640678966,-0.016605832197349586,-0.013832254075624224,-0.06175579736797472,0.1147598066314933,-0.02517676720925811,-0.03276995605032555,-0.06562400152645625,-0.07080634309182475,0.09274776811396283,-0.09198063023520005,-0.03481750096466067,-0.028803923990950567
Fibroblast alveolar,0.15973756606252731,-0.05292444659017337,-0.07306363666720028,-0.004924808544923792,0.04673852801767415,0.06681337106714903,0.07114420755639643,0.057443884616860744,0.28018779472833205,0.021982993942351883,1.0,0.06806574699821623,-0.09348195563290462,-0.09106698471122615,0.22570003494787952,-0.06968189652977867,-0.09951096258111394,-0.048817514801587795,-0.12356812259327389,-0.10117944913624143,-0.08496819439374433,0.13977978403570415,-0.005843253449180758,-0.0926469609936566,0.3147070405935547,0.15007928360022346,-0.13315576189392925,-0.02444176206501806,-0.11337423010111473,0.026006609512301167,0.2049623320097862,-0.11493943683710427,0.03978879635241007,-0.0313577994425709,-0.034365418755993,0.19750746177885953,-0.014720406068157115,-0.0673889443837377,-0.008141869101169168,-0.03503203303909303,-0.03138069990817832,-0.034608586341295634,-0.052107965259800514,-0.024296127530626554,-0.005681542888593946,0.17805565694527206,0.04584971100286909,-0.04922013811470933,-0.012874502915731527,-0.04060083633558215
Fibroblast peribronchial,-0.04454366351165478,0.003451463468169059,-0.09177874871002897,-0.07867605416755576,-0.08888559844863653,-0.018843713986254222,-0.03517680244158419,0.08116355562788509,0.027287338113857012,0.8535712500527839,0.06806574699821623,1.0,0.25404177430038416,-0.07147449263087184,0.02214973998653937,-0.006347291108674792,0.03402565713304252,-0.00923215040209204,0.06888222418740732,0.01791412207855983,-0.03915141714674908,0.5626034780306794,0.007489496728961861,-0.026411794038172776,0.08953342831419214,-0.10578394179176583,-0.07222502815526018,-0.1579152954428817,-0.02574870185214168,-0.19332117013461658,-0.0927943295175603,0.0360669521344574,0.030387665073871944,-0.06117257747098799,-0.028838734010659804,-0.01205224169005874,-0.0539234534956088,0.021791191343613556,-0.030009752460952305,-0.038112815062916784,-0.12490346224033633,0.2481824887452713,-0.021780465847468206,-0.06397746210939464,-0.12090637936520018,-0.033073150664192384,0.14830429542971277,0.05475250927873538,0.058647704706383766,0.029545956762260198
Macrophage,-0.1679641660286886,-0.020915237728525406,-0.0970361494441823,0.07269615611049016,0.08657091721739886,-0.018706308396586647,0.01762706953914005,-0.038955467588533015,-0.04301692886616751,0.09339697982934449,-0.09348195563290462,0.25404177430038416,1.0,0.0065648541178178095,-0.19018392102749293,0.10152358683618716,0.08313045060886577,0.13578954811304167,-0.0910044158731269,0.30304083659866615,-0.07080649401767661,0.05814855472672368,-0.08433198146238773,0.2344070328393434,-0.0675678194649065,-0.06764465571808585,0.08517140410709366,-0.43288938486512146,0.10536672422529349,-0.2784180213768902,0.1567651363272175,0.08398757957542315,0.15502497810908095,-0.13366711223569858,0.11449862404016078,-0.250679311356631,-0.007509443668944835,0.04769619007197375,-0.03880829782156324,-0.07253373331875129,-0.2876931630663305,0.05928062851352949,-0.08297596320997662,0.1695940452963916,-0.31187269084139085,0.25270674646378194,0.32195255698670566,0.36325196199239657,0.03406990660072862,0.3602981126895329
Macrophage alveolar,-0.19885302457794224,0.027649309104090282,0.30721329346084403,-0.02294564531244162,0.11118541378879208,-0.051544243977646315,-0.04369998238819966,-0.07277905537825693,-0.09334744469793116,-0.034265763757947036,-0.09106698471122615,-0.07147449263087184,0.0065648541178178095,1.0,0.017919281719312483,-0.008558281694891227,0.07542770574667414,-0.05486980772721732,-0.005637456193642778,-0.045749423448645736,-0.06929149638313484,-0.10116918605525779,0.028612473174268745,-0.08565124996428136,-0.0875537163383184,-0.23641701513128788,-0.07828023001973627,-0.17135548050324972,-0.1520038352273271,-0.32147798703238545,-0.21058012900670098,-0.15759279493664552,-0.16632295540831765,-0.325848322127434,-0.03225344479737691,-0.032781918942876895,-0.09066563300189154,-0.09574803621274355,-0.020047839179826124,-0.04390368316411354,0.05424494871575482,0.08395493036681698,-0.0725556258821057,0.004576886664878583,0.07130036376193767,-0.056303214608470036,0.01774393584852814,0.12726393162854066,-0.14772749736600418,0.020493925083118786
Mast cell,-0.11766306680840603,-0.03316923474589667,-0.15551182498106572,0.02163805582497703,0.13722370880900236,0.16252626122534694,0.008950017635517058,-0.011709884365522737,0.33688269764772544,-0.008663668213578765,0.22570003494787952,0.02214973998653937,-0.19018392102749293,0.017919281719312483,1.0,-0.13060172157209346,0.10798446057845561,-0.0749450680176891,-0.021711027384239072,-0.14478316640044292,-0.08795153165368703,0.30689750735206944,0.10449923995458393,-0.1558085214958592,0.3780022348320532,-0.20427868686885442,-0.11091105121989783,0.25992237095801685,-0.23537137009370054,-0.025235759443340396,-0.09679575072246842,-0.23963776674285064,-0.20480443053064198,-0.037211767470826926,-0.050876142808055254,0.5351722267004398,0.07545682644469154,-0.15342375077798723,-0.05048806191296224,-0.03529283704921682,0.21100619889431366,-0.11954955543520719,-0.12345464671097481,0.012277171866986552,0.3627979080966792,-0.06972057131382665,0.011783827745983456,-0.13208136628032127,-0.008465722688416173,0.14552804956916027
Mesothelial,0.06536463010030205,0.042342065719479814,-0.022974929496166356,-0.02729925704567711,-0.09594461180256114,0.01804905860747678,-0.023395595210504733,0.057421484663168904,0.10343332004095698,-0.0013398445921375473,-0.06968189652977867,-0.006347291108674792,0.10152358683618716,-0.008558281694891227,-0.13060172157209346,1.0,-0.05591150389943332,0.12848969768481147,0.02173702261143515,0.009974103678326351,0.29410570931659563,0.05027479804515618,-0.06811981338629919,-0.039338077860674205,-0.023402140293380176,-0.04300262060478618,-0.07942576844182359,-0.13952204635696017,0.0789020425094097,-0.004189717513177115,-0.015060444782189273,0.10786840570222517,0.07274447385124107,-0.10185332124670533,0.4850452998968018,-0.09758085429017918,-0.03072987010068138,-0.05072443605750245,-0.035288066703053365,-0.021808463480996132,-0.10654187698708018,0.021299665830304786,-0.041360933351678286,-0.01108781003115675,-0.1188312516645337,0.11896392381605012,0.041555802147679136,0.02971130193452948,0.015719102247585666,-0.04787629796542149
Monocyte classical,-0.13541971798712268,0.037435362260191875,0.01304770623574823,-0.12366738963030502,0.11449026475601953,-0.0794190861964088,-0.08089892522358563,0.026757659382898143,-0.06498557232445801,-0.038724320491940856,-0.09951096258111394,0.03402565713304252,0.08313045060886577,0.07542770574667414,0.10798446057845561,-0.05591150389943332,1.0,0.07017685456053563,0.1580910957644688,0.014827782145043437,-0.026663253435677634,0.020026015463330785,-0.1298606650523454,-0.043018114237759864,0.0013350102125513266,-0.30941509393161,0.11030073058735108,0.19683025280413943,-0.12430595814898433,-0.1003798415891365,-0.3046515447870956,-0.21533039919793984,-0.23452025753647396,-0.07426195563134368,0.03942227216622553,0.20793330692743967,-0.15385922999228277,-0.10458217040112963,0.06772456089769736,-0.071176285462587,0.20001798729990397,0.03262649552492411,-0.06654005811470012,-0.13566266239184668,0.2640202137928544,-0.14499899136854072,0.11839713092724867,0.02820209439201234,0.1224342249613773,0.09743205792481827
Monocyte non-classical,-0.09832801373847776,-0.04518801987262738,0.47078323747563133,-0.03651755847403077,-0.0929969291154363,0.1999042564770286,0.09138813251022222,0.6976977367721084,0.09238572813491934,0.01788592962205374,-0.048817514801587795,-0.00923215040209204,0.13578954811304167,-0.05486980772721732,-0.0749450680176891,0.12848969768481147,0.07017685456053563,1.0,0.6234570800114775,0.3693109519991121,-0.009858283189498065,-0.012992192913818007,-0.09086396642181249,0.07062805012376717,-0.001093383021486588,-0.05028566920459743,-0.051360718311700054,-0.237289788506113,0.0766287342078465,-0.19277568398133266,0.15222197284720973,0.01989882740815036,0.5914378842682806,-0.15143306444993831,0.020230665146769446,-0.13246021064430033,-0.07086721312641243,0.04733383785619527,-0.04131123193699354,0.005665583162312615,-0.13816001587175647,0.05657657022019778,-0.05119299296686077,0.2017607298671833,-0.13122117468206268,0.24645563191222147,0.10058870163883975,-0.06714987007589457,0.26815263230955694,0.19077356539111479
NK cell,-0.14929162425492518,-0.14030967689976814,0.37015317963881733,-0.13068731434402614,0.020600236063212346,0.047763518494605924,0.009926920353173599,0.45229345029822976,-0.11625327799285604,0.17783138594631764,-0.12356812259327389,0.06888222418740732,-0.0910044158731269,-0.005637456193642778,-0.021711027384239072,0.02173702261143515,0.1580910957644688,0.6234570800114775,1.0,0.2649520387362944,-0.07904309124227067,-0.0024323706757465916,-0.16547419563193116,-0.09599227402231138,-0.1271472916915954,-0.12711471285080192,-0.1408783089086556,0.11279565251295033,-0.10586509339745907,0.024216703083997666,0.007212191752119294,-0.11482647438851838,0.43308501334617555,0.053851952578121885,-0.04469458775286941,0.057814175181023574,-0.0068700968285506465,-0.0024500736104319095,-0.11506892203266011,0.06175047790851288,0.13432534402093435,-0.11011790423863563,-0.012682995651698947,0.04112242083335373,0.11418676471568164,0.057605371101155205,0.04821424729003593,-0.08124834027464255,0.018908297412516966,0.01506930949721638
NK cell dividing,-0.10168370115848861,-0.04870842516084798,0.20727071045972625,-0.09986287876191523,0.023332548225610435,0.003459182235873331,-0.021336701065524148,0.11346434999380368,-0.014542401259372931,-0.02952300215498395,-0.10117944913624143,0.01791412207855983,0.30304083659866615,-0.045749423448645736,-0.14478316640044292,0.009974103678326351,0.014827782145043437,0.3693109519991121,0.2649520387362944,1.0,-0.05204215946905378,0.06904747996562419,-0.08269074396048048,0.07343171959286449,0.004431688879882374,-0.03849645222131488,0.14426448213423002,-0.2237992026823951,0.13935444754936047,-0.12207173290205041,0.13077193626904032,0.033059829935190244,0.2108807714396623,0.03774472270371773,0.03697898552031924,-0.14791085726150133,-0.019841141766774047,0.41002323646963185,-0.030908495173469625,0.1617355171093378,-0.17423917382799917,0.09437497734358746,-0.07439205922470667,0.05356309548525497,-0.21119722672552163,0.32525572272710096,0.3586333136089504,0.38771846270565274,0.24391498671182282,0.26359283784350096
Neutrophils,-0.09785075010120166,0.009344166312655864,-0.07179623936178557,-0.054676603588964943,-0.1722188617621405,-0.057652620778596154,-0.055915355085852894,-0.07449893758512656,-0.13018813513408012,-0.04104297758971704,-0.08496819439374433,-0.03915141714674908,-0.07080649401767661,-0.06929149638313484,-0.08795153165368703,0.29410570931659563,-0.026663253435677634,-0.009858283189498065,-0.07904309124227067,-0.05204215946905378,1.0,-0.06445799315600619,0.04185906393193131,-0.021827526532011674,-0.05704809131275409,-0.15673335452805454,-0.1182441510967501,-0.10861851797841318,0.0029656832736165485,-0.13341900878522267,-0.03523950297977322,-0.00966092625340594,0.07421511640134598,-0.11469060254552385,0.4146032235783428,-0.0654623971703395,-0.06662608505592524,-0.06083398675666885,-0.0496362551959428,0.0780270676254999,-0.053422732579187185,0.08321739239018158,-0.04808863137208511,-0.061834879764634386,-0.08144350434796127,-0.12529953265485172,-0.13743096627794513,-0.09382320064663446,0.060083291632694484,-0.051463552439702256
Pericyte,-0.06640571127130991,-0.05040667146271574,-0.08927212299322908,-0.05355956187995508,0.0200133076740317,0.01828939229302503,0.008877711973330244,-0.00272397651647336,0.2976663753581078,0.5771363328415683,0.13977978403570415,0.5626034780306794,0.05814855472672368,-0.10116918605525779,0.30689750735206944,0.05027479804515618,0.020026015463330785,-0.012992192913818007,-0.0024323706757465916,0.06904747996562419,-0.06445799315600619,1.0,0.05965622568055952,-0.020593275030047133,0.5323139736651733,-0.14264131336095512,-0.02545154558742567,-0.1148049056377574,-0.025353323329262756,-0.08721813640236961,-0.034708415624124626,-0.009789909306803974,0.0021312769979643523,0.020378935763139275,-0.028520974912162243,0.20592233096116372,0.06482492290718803,0.05527169509717236,0.02205078778047774,0.07163858267083091,-0.09853828501895107,0.14201007781734254,-0.054067457570261504,-0.05841058375038707,-0.05276719903824978,-0.04466575610502181,0.23780234306318304,0.026543307063504214,0.20657201857364788,0.1695564484746876
Plasma cell,0.11674770240349311,0.04860594581247314,-0.10668058484199337,-0.09002294575251525,-0.1146020131481789,0.06844501848700318,0.033037293204108226,-0.06842624794577185,0.09822938762267866,-0.053886834248594556,-0.005843253449180758,0.007489496728961861,-0.08433198146238773,0.028612473174268745,0.10449923995458393,-0.06811981338629919,-0.1298606650523454,-0.09086396642181249,-0.16547419563193116,-0.08269074396048048,0.04185906393193131,0.05965622568055952,1.0,0.12179308410401692,0.0265301764482311,0.03738356012724317,-0.08866628412144467,-0.16000857719414982,0.03085074871666035,-0.07642283578449914,0.06834581007859751,0.05056155395672804,-0.009676638180187349,-0.016878321986495425,-0.0490231335415587,-0.06414177277774699,0.15425918341700404,0.03681326411771122,-0.04450434767192653,0.12709076662709015,-0.12027969949702381,-0.024062916936161055,-0.07429313943738511,-0.06626358658707167,-0.1600783760908671,-0.00976588124769113,-0.17234898670015453,-0.06635052070491217,-0.05831086888584979,-0.025739334280867318
Plasma cell dividing,-0.013699573866471403,0.19178900138715183,-0.025368878625712767,-0.08040928017537208,0.2631856251457477,-0.04089564002369595,0.0357335740491312,-0.0836102411151272,-0.08836445229725001,-0.038197669183869146,-0.0926469609936566,-0.026411794038172776,0.2344070328393434,-0.08565124996428136,-0.1558085214958592,-0.039338077860674205,-0.043018114237759864,0.07062805012376717,-0.09599227402231138,0.07343171959286449,-0.021827526532011674,-0.020593275030047133,0.12179308410401692,1.0,-0.052744506650706194,-0.015873690935531523,0.17412205381512988,-0.26739495207188485,0.418354428516477,-0.13531182305635167,0.1903540257635162,0.4557430602308633,0.28823979293703356,0.11683882170217087,-0.002248576289063323,-0.1415129253697634,-0.016492229036983396,0.052514276039840074,-0.03484346446736583,0.10267441993280395,-0.16671299116536303,0.17459516582103227,-0.06693380268441912,-0.05820857714042914,-0.1822903617914449,0.2677768256340432,0.2630757582187395,0.033859035109654066,0.09720872501731066,0.17532320285353403
Smooth muscle cell,-0.04245283015566896,-0.051593223208757304,-0.043479367011259776,-0.005207393372779743,0.19195387940329495,0.1551654762808287,0.0786910643035355,0.04967060504755468,0.4707156592221522,0.01815016860841709,0.3147070405935547,0.08953342831419214,-0.0675678194649065,-0.0875537163383184,0.3780022348320532,-0.023402140293380176,0.0013350102125513266,-0.001093383021486588,-0.1271472916915954,0.004431688879882374,-0.05704809131275409,0.5323139736651733,0.0265301764482311,-0.052744506650706194,1.0,-0.0629374740240303,0.005649252005098813,-0.062469881199147065,-0.05163953305844192,0.005240156660898535,-0.013197815257707279,-0.07981183584545448,-0.06286550099184916,-0.0603017574621179,-0.02402610181190285,0.10988806408820644,-0.014213045577140712,0.005690490327761524,0.18873443803424383,-0.023830280841794064,-0.0759325156711315,0.021911220657042475,-0.03800999986447576,0.004388201827101808,-0.025782904909629676,-0.021073204228946363,0.31584047467250576,0.10439896896664648,0.1527047933690725,0.11313833470569998
T cell CD4,0.2842082744673268,0.09115205085695391,-0.131857168606754,-0.09375864202344526,-0.047491044362158605,0.031274227367460786,0.010719019251760522,-0.08528025445165781,-0.06686875246624295,-0.05229610163990228,0.15007928360022346,-0.10578394179176583,-0.06764465571808585,-0.23641701513128788,-0.20427868686885442,-0.04300262060478618,-0.30941509393161,-0.05028566920459743,-0.12711471285080192,-0.03849645222131488,-0.15673335452805454,-0.14264131336095512,0.03738356012724317,-0.015873690935531523,-0.0629374740240303,1.0,0.1599048572612059,-0.1446717638494746,-0.08175850743227865,0.13806596442252117,0.22421327183976308,-0.03905041448044008,0.043256042512300585,0.11759428944952455,-0.06755084036309861,-0.24426379130556367,-0.015823996697507094,-0.10958391708175516,-0.0844791627721335,0.04821552900619041,-0.19158933916059703,-0.14826140822926712,0.012742901943756565,-0.07732099415958964,-0.30662218337425123,0.2715555351668523,-0.015826982331721914,-0.10019477404417043,0.062299838712241075,-0.047125101143930107
T cell CD4 dividing,-0.043376015187890776,0.2454597032613294,-0.10963640068482841,-0.15405564797702856,0.15252113846567739,-0.09693736545629072,-0.07619624223249923,-0.11868012422550181,-0.13937685929759971,-0.10607127867757672,-0.13315576189392925,-0.07222502815526018,0.08517140410709366,-0.07828023001973627,-0.11091105121989783,-0.07942576844182359,0.11030073058735108,-0.051360718311700054,-0.1408783089086556,0.14426448213423002,-0.1182441510967501,-0.02545154558742567,-0.08866628412144467,0.17412205381512988,0.005649252005098813,0.1599048572612059,1.0,0.029361724229870774,0.1405011507892928,0.126453211716093,-0.07892873765470737,0.02291804149794453,-0.17630052337565918,0.4768784360904038,-0.06158631855996115,-0.036555814197979784,-0.04249399167859749,0.04293328926648262,-0.017005743693570705,-0.0624443833521021,-0.04515290395020679,0.02018505156583633,0.09746223037467902,-0.17566198051052512,-0.11006416424796223,0.0494481308798498,0.1429753388324514,0.2633385559167128,0.2636104610127945,0.09384783490329629
T cell CD8 activated,-0.12082794352964957,-0.14881757836464693,-0.15327125321424095,-0.14599044822613494,0.043856337368140916,-0.21132544204253964,-0.14767700127214994,-0.11346978749601258,-0.06598424945829603,-0.1022230135548383,-0.02444176206501806,-0.1579152954428817,-0.43288938486512146,-0.17135548050324972,0.25992237095801685,-0.13952204635696017,0.19683025280413943,-0.237289788506113,0.11279565251295033,-0.2237992026823951,-0.10861851797841318,-0.1148049056377574,-0.16000857719414982,-0.26739495207188485,-0.062469881199147065,-0.1446717638494746,0.029361724229870774,1.0,-0.2672248176643959,0.5015249522358441,-0.43610541698902533,-0.266483104630043,-0.37863290771746333,0.39786911850306445,-0.07269588504797693,0.5065545108433467,-0.1472173884889505,-0.15701346128207588,-0.14063318716070844,-0.07275615157072465,0.5516583027760384,-0.25464736407287947,0.09384941874758564,-0.18707137911302463,0.48969777983243445,-0.31099838809684394,-0.20605930764342567,-0.2694729423639323,-0.06798526947447511,-0.11814173522129173
T cell CD8 dividing,-0.03628009605958936,0.06717591297844366,-0.04127171862673763,-0.09746306367344967,-0.023400892873218174,-0.05523933695292869,0.006485999027184875,0.0706210544763469,-0.10214389676391418,-0.04326003827950267,-0.11337423010111473,-0.02574870185214168,0.10536672422529349,-0.1520038352273271,-0.23537137009370054,0.0789020425094097,-0.12430595814898433,0.0766287342078465,-0.10586509339745907,0.13935444754936047,0.0029656832736165485,-0.025353323329262756,0.03085074871666035,0.418354428516477,-0.05163953305844192,-0.08175850743227865,0.1405011507892928,-0.2672248176643959,1.0,0.05290784394761366,0.1336356410828614,0.926953353637652,0.2715592643945274,0.11453802776257836,-0.004260581118224928,-0.17113238800504024,-0.022549998901948868,0.5598487277177675,-0.010361958483209617,0.010501024621287557,-0.17750472655322014,0.04245187117836195,-0.02821013397867468,-0.06962192780644423,-0.20751529808092864,0.18058294044708226,-0.016860033339004852,-0.02684355091377636,-0.010607175224365804,0.029475432372562695
T cell CD8 effector memory,0.038964287380597,-0.1422615517023738,-0.24219708719880703,-0.21394346091692204,0.11085855398177093,-0.07517015399069833,-0.09363750833727828,-0.15825319915488734,-0.03849873073600618,-0.14960621206370306,0.026006609512301167,-0.19332117013461658,-0.2784180213768902,-0.32147798703238545,-0.025235759443340396,-0.004189717513177115,-0.1003798415891365,-0.19277568398133266,0.024216703083997666,-0.12207173290205041,-0.13341900878522267,-0.08721813640236961,-0.07642283578449914,-0.13531182305635167,0.005240156660898535,0.13806596442252117,0.126453211716093,0.5015249522358441,0.05290784394761366,1.0,-0.08708806628634364,0.053497002134765735,-0.10012727589396922,0.42419189660184237,-0.055944237489528835,0.09267710656489116,-0.010446646498208825,-0.024951493821329395,-0.16747730600308233,0.08614548306079901,0.13861848324197004,-0.22681227641827734,0.04522311622026891,-0.15007563780507716,0.06874195394525573,-0.12136293025892982,-0.13458584856727876,-0.2425708824019116,-0.07475347390977943,-0.1703916596979316
T cell CD8 naive,0.47344020525094155,0.14619046974619027,0.005077236915085437,-0.04692252764060074,-0.10796834910604074,0.4211534678679848,0.4678243318778586,0.02042535147228351,0.18490292978633402,-0.0508588723844783,0.2049623320097862,-0.0927943295175603,0.1567651363272175,-0.21058012900670098,-0.09679575072246842,-0.015060444782189273,-0.3046515447870956,0.15222197284720973,0.007212191752119294,0.13077193626904032,-0.03523950297977322,-0.034708415624124626,0.06834581007859751,0.1903540257635162,-0.013197815257707279,0.22421327183976308,-0.07892873765470737,-0.43610541698902533,0.1336356410828614,-0.08708806628634364,1.0,0.1011432808887742,0.43529773797049753,-0.06727493223948654,0.056735005077958686,-0.2839069696085945,0.4420892341874263,0.026832835231129414,-0.051261702535263666,0.09391204633831458,-0.3121090118540781,-0.026014068426452666,-0.09317141744908654,0.12100994726234028,-0.3344331739137431,0.33212180483562254,-0.04616226514959673,0.003398322204738646,-0.09825900931314248,0.08147491595617104
T cell CD8 terminally exhausted,-0.04534583830524113,0.017485269716268886,-0.07893614025891521,-0.09456628470374169,0.0012003537429378448,-0.06961595420618487,0.001790842942811789,0.06716014807521548,-0.1070163472906811,0.0016921033303006492,-0.11493943683710427,0.0360669521344574,0.08398757957542315,-0.15759279493664552,-0.23963776674285064,0.10786840570222517,-0.21533039919793984,0.01989882740815036,-0.11482647438851838,0.033059829935190244,-0.00966092625340594,-0.009789909306803974,0.05056155395672804,0.4557430602308633,-0.07981183584545448,-0.03905041448044008,0.02291804149794453,-0.266483104630043,0.926953353637652,0.053497002134765735,0.1011432808887742,1.0,0.30804816519017053,0.15259977643881484,-0.008805704513474136,-0.17229018179387623,-0.026422203110973024,0.563018607213457,-0.03496102661459388,0.03396838483516727,-0.17759689776915716,0.04917749868685064,-0.03301187418129024,-0.06614778542338116,-0.2030300049574783,0.12728393350546582,-0.03622691395163123,-0.0939539936955199,-0.07616833891986663,-0.03746329375063699
T cell NK-like,0.009496641582695805,-0.10835145158477566,0.26744532086777695,-0.05920527628128962,-0.019499247890290256,0.21667855564977498,0.15996055669180062,0.3963602785762239,0.0009841442046340599,0.0993832386390366,0.03978879635241007,0.030387665073871944,0.15502497810908095,-0.16632295540831765,-0.20480443053064198,0.07274447385124107,-0.23452025753647396,0.5914378842682806,0.43308501334617555,0.2108807714396623,0.07421511640134598,0.0021312769979643523,-0.009676638180187349,0.28823979293703356,-0.06286550099184916,0.043256042512300585,-0.17630052337565918,-0.37863290771746333,0.2715592643945274,-0.10012727589396922,0.43529773797049753,0.30804816519017053,1.0,-0.11555945850569059,-0.015112501726050217,-0.23136115458639006,0.1802640241219259,0.06608366337494835,-0.04681874435030647,0.016700989852964445,-0.2292935450657666,0.001413263400890737,-0.05618868752689646,0.16309377303062458,-0.2588048847032956,0.20639497239908708,0.13494895394644063,0.052913796157119754,0.0025128857404992707,0.07113821973338737
T cell regulatory,0.031859579317394825,0.03520232751549049,-0.27630345674147444,-0.2588667059099179,0.21721606219254008,-0.12465475406004528,-0.07299083677339269,-0.20053341144404885,-0.20325319743551584,-0.05557063375982414,-0.0313577994425709,-0.06117257747098799,-0.13366711223569858,-0.325848322127434,-0.037211767470826926,-0.10185332124670533,-0.07426195563134368,-0.15143306444993831,0.053851952578121885,0.03774472270371773,-0.11469060254552385,0.020378935763139275,-0.016878321986495425,0.11683882170217087,-0.0603017574621179,0.11759428944952455,0.4768784360904038,0.39786911850306445,0.11453802776257836,0.42419189660184237,-0.06727493223948654,0.15259977643881484,-0.11555945850569059,1.0,-0.0933803891795674,0.12168535124461298,-0.06622313258546593,0.18831307803987632,-0.20336814916221563,0.10218112540012497,0.19117606278953192,-0.2179041711727959,0.00015731367562494126,-0.21444509765095446,-0.02775082775280477,-0.0697059297779109,-0.04177652249779213,0.012480206991752774,0.008604086997874997,0.03428728240433181
Tumor Adeno_Squamous,-0.060859459666917255,-0.024278729564102937,-0.02177667433157044,-0.01986327983856187,-0.0756461346721965,-0.0009071960304848262,-0.021067447392635826,-0.03729682499948085,-0.042800126743880076,-0.01058011508556621,-0.034365418755993,-0.028838734010659804,0.11449862404016078,-0.03225344479737691,-0.050876142808055254,0.4850452998968018,0.03942227216622553,0.020230665146769446,-0.04469458775286941,0.03697898552031924,0.4146032235783428,-0.028520974912162243,-0.0490231335415587,-0.002248576289063323,-0.02402610181190285,-0.06755084036309861,-0.06158631855996115,-0.07269588504797693,-0.004260581118224928,-0.055944237489528835,0.056735005077958686,-0.008805704513474136,-0.015112501726050217,-0.0933803891795674,1.0,-0.03769622653559304,-0.020236280013904803,-0.009632617964504007,-0.020548278059357272,-0.008424775390141014,-0.041157937790635486,-0.02206539357675015,-0.016367125117838402,-0.028486434178761642,-0.04630929860510264,0.0006613757926567526,-0.01150750407289625,0.026994299024963978,-0.004257667147704574,-0.01849497820979536
Tumor EMT_lowProlif,-0.13697229575323036,-0.09378183996454313,-0.09545922190375931,-0.022048514213417046,0.027762323659322845,-0.12296002959686449,-0.07367419010802832,0.024046293086988104,0.2412770825932273,-0.05094996014982019,0.19750746177885953,-0.01205224169005874,-0.250679311356631,-0.032781918942876895,0.5351722267004398,-0.09758085429017918,0.20793330692743967,-0.13246021064430033,0.057814175181023574,-0.14791085726150133,-0.0654623971703395,0.20592233096116372,-0.06414177277774699,-0.1415129253697634,0.10988806408820644,-0.24426379130556367,-0.036555814197979784,0.5065545108433467,-0.17113238800504024,0.09267710656489116,-0.2839069696085945,-0.17229018179387623,-0.23136115458639006,0.12168535124461298,-0.03769622653559304,1.0,-0.07680258615792143,-0.09608904488808359,-0.0716699062845256,-0.038427451235807646,0.29663717820685026,-0.14162354576247405,0.1013472826349015,-0.11608945453087406,0.4372707809052543,-0.2360927883448398,-0.154324679778107,-0.13443494655139138,-0.058809275676415335,-0.001596607598641244
Tumor Evasive_HighProlif,0.13191004171033677,-0.049268332615669444,0.002365574457216272,-0.01543354114587496,-0.07458256660729133,0.09548988365881902,-0.038642775983957565,-0.06470237822199451,-0.020622799710929004,-0.02803609983564859,-0.014720406068157115,-0.0539234534956088,-0.007509443668944835,-0.09066563300189154,0.07545682644469154,-0.03072987010068138,-0.15385922999228277,-0.07086721312641243,-0.0068700968285506465,-0.019841141766774047,-0.06662608505592524,0.06482492290718803,0.15425918341700404,-0.016492229036983396,-0.014213045577140712,-0.015823996697507094,-0.04249399167859749,-0.1472173884889505,-0.022549998901948868,-0.010446646498208825,0.4420892341874263,-0.026422203110973024,0.1802640241219259,-0.06622313258546593,-0.020236280013904803,-0.07680258615792143,1.0,-0.05467840316490874,0.027700615124562407,-0.014155824721352014,-0.09023891952502014,-0.10597928490333665,0.023379580578758375,0.037001367190878195,-0.09872313248940054,0.04328580660530168,0.014390928859594984,0.1021799840908531,-0.09094809875028033,0.007541787460269952
