cell_type_adjusted,Alveolar cell type 1,Alveolar cell type 2,B cell,B cell dividing,Ciliated,Club,DC mature,Endothelial cell arterial,Endothelial cell capillary,Endothelial cell lymphatic,Endothelial cell venous,Fibroblast adventitial,Fibroblast alveolar,Fibroblast peribronchial,Macrophage,Macrophage alveolar,Mast cell,Mesothelial,Monocyte classical,Monocyte non-classical,NK cell,NK cell dividing,Neutrophils,Pericyte,Plasma cell,Plasma cell dividing,ROS1+ healthy epithelial,Smooth muscle cell,T cell CD4,T cell CD4 dividing,T cell CD8 activated,T cell CD8 dividing,T cell CD8 effector memory,T cell CD8 naive,T cell CD8 terminally exhausted,T cell NK-like,T cell regulatory,Tumor LUAD_Club,Tumor LUAD_EMT1,Tumor LUAD_EMT2,Tumor LUAD_EMT3,Tumor LUAD_LUSC,Tumor LUAD_LUSC_mitotic,Tumor LUAD_mainly1,Tumor LUAD_mainly2,Tumor LUAD_mitotic,Tumor LUAD_mixed,Tumor LUAD_transitional,Tumor LUSC_LUAD_mitotic,Tumor LUSC_mainly,Tumor LUSC_mainly2,Tumor LUSC_mitotic,Tumor LUSC_mitotic2,Tumor cells LUAD,Tumor cells LUAD MSLN,Tumor cells LUAD mitotic,Tumor cells LUSC,Tumor cells NSCLC mixed,Tumor mitotic_LUSC,Tumor mitotic_mixed,Tumor mixed_LUAD,cDC1,cDC2,myeloid dividing,pDC,stromal dividing,transitional club/AT2
Alveolar cell type 1,0.0,2.0675767807754033e-05,0.6566216095791794,0.6696275140343365,0.7137435623254632,0.6696690768974342,0.9763759944088071,0.1335841529772572,3.845793456947198e-43,0.2557126519923037,0.5334213187528183,1.828809661385258e-07,1.1614452304261615e-14,0.8365641026928302,0.4930467112306166,0.7835090556531039,0.006920798703649394,0.63888196891224,0.8355103306728864,0.6173073394108571,0.6665483237793828,0.452872980005978,0.9278934391019656,0.3499683622866041,0.7643223976055842,0.8378882981638496,0.4827400705513512,0.002282967575216063,0.5653385084615704,0.3056337679504338,0.6945914197174416,0.6090101975191342,0.5823136639906729,0.7816840456849271,0.4961386948846626,0.6788023865539566,0.3598968312928546,0.7581428984890867,0.7477879465922037,0.8453628467134167,0.8260087651896867,0.7617933211329558,0.5323281781268184,0.6648609062499388,0.8271680143042542,0.5183555249250678,0.7783752410284409,0.750819790349711,0.7647028784451022,0.8422129690846197,0.8452092044634522,0.8028368204234109,0.8448016469581939,0.13647899423844784,0.8453628467134167,0.727170366374384,0.8282901421519464,0.8949856047981641,0.8442280898640401,0.8166431832187971,0.8316083349996467,0.6838223689455419,0.9737638124620626,0.632582515079633,0.5384343346471918,0.8726480139088645,0.1106848091831941
Alveolar cell type 2,2.0675767807754033e-05,0.0,0.4940982689645708,0.6216050643594685,0.545868457246469,0.4317407235923633,0.9188639530896782,0.965217728084967,0.03233027284044649,0.7500739290321933,0.9732665057784117,0.0240518811636423,0.012310347086948318,0.7903582114189455,0.8634719842306304,0.8872266391873387,0.0002652822914732788,0.6808318513417809,0.6346436026669801,0.3632492003392816,0.16954013774861224,0.29596695627757164,0.3913105865409649,0.8089923175219578,0.7063437128919623,0.7192834433497608,0.08343692577420572,0.5062025020554443,0.037082642532425616,0.6427255292298244,0.39524936204409894,0.3175330539417361,0.0788085813681656,0.21683542556745097,0.18657852543958064,0.3117564345146867,0.06393960570584646,0.6307832041143075,0.6486348375102151,0.7498580516281639,0.7193622939603979,0.772560645047364,0.4035593898066904,0.4945709099747081,0.7114332733492121,0.4652155583957501,0.9287473309721875,0.5651287628495667,0.623704079869097,0.7448909324167772,0.7495762371449952,0.6831660046810882,0.7489840512662136,0.21648211017558666,0.7670873393273098,0.8408798412198656,0.7858052268372238,0.7320892028684023,0.7476667136927254,0.6693505831735561,0.7266382479733696,0.3329439742429004,0.09459175957794327,0.47041420786637334,0.4270468152942482,0.5124780238366137,0.00019472697133787474
B cell,0.6566216095791794,0.4940982689645708,0.0,3.549811405433945e-05,0.41291834619463264,0.3337914117174398,0.7261040856424984,6.448921061881174e-09,0.7426831765423311,0.8524908553123673,0.45698670589702345,0.2983191773508944,0.5544698303110802,0.07101615216481375,0.0018605997769342458,0.4242182095040495,0.5461479154778276,0.6962474547551677,0.12634540047267276,0.8924717091606104,0.11108388355076222,0.35932294715002067,0.8747041527629399,0.19162140069465694,0.6789876295199219,0.877463286018219,0.9484604202501207,0.9039227646523772,1.0947280889992605e-11,0.13088519272315177,0.0004762771219836599,0.6363186380494971,0.0061495881038434175,0.010122266182326476,0.6816273023042426,0.48043814630568843,0.007528451722295079,0.34259078428282225,0.30406272401097273,0.5124761653926732,0.5620209409193774,0.16586118370915648,0.08974783543097564,0.8304231512047737,0.31583567096901005,0.21499046277055744,0.72357557101879,0.22561102576784778,0.5694374449535127,0.5049658224000804,0.5126310100311529,0.4043470182929935,0.5120180218367801,0.20962639608455033,0.7399439240443535,0.5815286358405306,0.5521401262019899,0.7584156213360173,0.5110748013361495,0.3580303858646301,0.48626407113825726,0.23193875882853796,0.8576258635515307,0.03573797475156967,0.7968794578161277,0.037495402545821295,0.2867530565200249
B cell dividing,0.6696275140343365,0.6216050643594685,3.549811405433945e-05,0.0,0.43140383452495434,0.372846119947395,1.5537088495805562e-06,0.5436702066031713,0.6026344075394805,0.9711062730754981,0.3572813779921275,0.6797849434203119,0.6460677833735893,0.3882072060918716,0.33417240973352125,0.25900788501433647,0.8586739129763367,0.7760196662620966,0.3243642331903047,0.7646464363804745,0.7776925176464206,0.028932794641641394,0.2686464758347495,0.4173680923504918,0.05601595888308104,0.10783596549084319,0.36272369388355413,0.94109263025676,0.06880158236669565,0.4105167104642371,0.6771455111559258,0.1973477099417917,0.19395577311364157,0.4038796492079734,0.0672574845481862,0.84014165526221,0.015887733777478586,0.7540234069051238,0.6406605883745281,0.6961446414381229,0.6598003896030104,0.3000609098601179,0.5507146853981182,0.5992572703430238,0.23054653843088121,0.5915468416127483,0.04405388316095497,0.459395336633467,0.5485271546627835,0.6909928200089682,0.6962308818876184,0.7526502579097802,0.6971170437760243,0.4347126226903675,0.6961446414381229,0.45639904415293103,0.04590711816746003,0.8976975514452525,0.6962786701847037,0.5992218400433724,0.6637896493682568,0.773176959756263,0.05970806763923306,0.859537949328956,0.9770386233749871,0.24518676538007192,0.18871393559904684
Ciliated,0.7137435623254632,0.545868457246469,0.41291834619463264,0.43140383452495434,0.0,1.1077617416565327e-17,0.9372451804331214,0.499684273724303,0.9465557161412123,0.7817493690015854,0.9265897987037135,0.985634454757817,0.6381227671244173,0.45905439877837007,0.19371076362201659,0.9452194679087254,0.7204598150277829,0.4979335192527716,0.34625407185813567,0.5014664759535994,0.7081658021076814,0.6861274562240558,0.20996896954742542,0.6216929112100875,0.15952393591783595,0.38660553257980357,0.6342568131791176,0.5876009737787798,0.34353790129710304,0.25201620015098136,0.44143579196659233,0.5011286183125172,0.20906016145679587,0.3583990913545787,0.24308254728230957,0.9667233429446304,0.07976865652486119,0.8108340501311878,0.8291893430363585,0.803421420181844,0.3726856947177531,0.4430660912309036,0.9881426409174144,0.6362089524171644,0.73888013621755,0.40036791589462756,0.8057624229649427,0.6159968565542515,0.8159662817040245,0.7995979759922703,0.8085002902528344,0.7517209854123007,0.8207222353804786,0.7140526124104097,0.9017328829697933,0.8779852746749156,0.838769198225379,0.8953440789218059,0.8019387489318258,0.7381049585849323,0.8446085004428047,0.3787456808845153,0.4846601597383344,0.5607037829223206,0.7721774220877227,0.7187289791000463,0.9464723252487318
Club,0.6696690768974342,0.4317407235923633,0.3337914117174398,0.372846119947395,1.1077617416565327e-17,0.0,0.8370523048832248,0.45334511181368664,0.8661755727335859,0.8677730180335846,0.2236189651403816,0.5596465312817935,0.8287037117165853,0.8305639564735627,0.6526008482694381,0.8898852792521669,0.45201720368362097,0.520291680062951,0.09810862693495104,0.5415966736757044,0.6713476131565912,0.658906794525231,0.814349913686804,0.9179835276940033,0.3726040566294029,0.4017360382132047,0.5259864517953109,0.6439122447176505,0.22897668669436727,0.763305787378771,0.5229994031599502,0.9908095048523792,0.2604217170619934,0.3263634219760682,0.2530525845051928,0.9039671597366719,0.0838317427900823,0.3809130622938138,0.8009415916517969,0.7869959424211682,0.9187826620706886,0.050002374698299205,0.7387789829608302,0.6039099641116773,0.7044443286386355,0.5429727012352914,0.959426499643933,0.9099427989883795,0.710981979857153,0.7827719852306431,0.7867501339997073,0.7540367719036217,0.8399154124146821,0.6809678845632521,0.8985691358033255,0.5953991710595142,0.7958323747837515,0.8631283896425892,0.7856358735966881,0.33219748775758196,0.721388334120157,0.4578032558110359,0.3984863821513391,0.9833845670422717,0.9368800230640153,0.9370434467931479,0.6179879855031946
DC mature,0.9763759944088071,0.9188639530896782,0.7261040856424984,1.5537088495805562e-06,0.9372451804331214,0.8370523048832248,0.0,0.3900225467009273,0.5560925411772104,0.019995691036313108,0.17932034136290456,0.7974268148324885,0.9942486355931501,0.6995685863621786,0.16526231656600532,0.6042166783591634,0.007278655040299016,0.7770545159152437,0.00985103799540275,0.704978578408258,0.2989849139561535,0.10917414919646334,0.36756624592639464,0.7592541726860418,0.0035650406426153817,0.6637678914852023,0.41696125367291825,0.5864790506663159,0.43416497299614787,0.010998689921631092,0.8389023926296195,0.5752570995634391,0.7680251900761494,0.18451682595599064,0.32504342487287213,0.43197052265251573,0.886849521679734,0.5091567295507117,0.39465589103568083,0.5964140651521183,0.9746299510190969,0.6832308986029348,0.7675915459748607,0.5289921956270255,0.42116173737740936,0.6531337086347766,0.9595742178729143,0.5032720177653293,0.554386920265278,0.5945879160049933,0.6384277121884836,0.7845286255690086,0.7427399861785517,0.5032956587457775,0.7493187660271985,0.8464539480429839,0.5518137339295813,0.550584078301019,0.5949465740713507,0.5097608415074273,0.5931588712933533,0.4896848176868306,1.0403343671739565e-05,0.31231808891405416,0.003845018381993016,0.545000716890018,0.5238937798684261
Endothelial cell arterial,0.1335841529772572,0.965217728084967,6.448921061881174e-09,0.5436702066031713,0.499684273724303,0.45334511181368664,0.3900225467009273,0.0,0.0768114414917047,0.12109939103834827,0.014646740182145878,0.12379622117102392,0.0190542456775048,0.8121150332940342,0.20708641966118482,0.6479813234721459,0.49775325729597997,0.43358047541777933,0.7504812896724946,0.8814327193863449,0.6815582751243121,0.6774900887374118,0.6755400095577031,0.8831965275288705,0.815626818726352,0.7311033795134115,0.37869682541474176,0.010677009012194065,0.021090574136277476,0.16363867192960002,0.061046710139319886,0.5281945103825196,0.6547471420222314,0.6198560724883536,0.8368969694788856,0.4204058059837172,0.7492046281284486,0.5328775774055301,0.6227569343729644,0.7626397215654873,0.7335502577249733,0.3467316199362107,0.8689939012654554,0.6133551745273916,0.7261451799131368,0.6471473669031673,0.8805072657717418,0.5539548540333546,0.6442798305287489,0.7582614208815799,0.762367451489457,0.6993089582788021,0.972078802198049,0.8400583302074708,0.7626397215654873,0.5843505468040555,0.7861472927339476,0.7103191197962324,0.7617523927763341,0.689150553393511,0.7635958114563036,0.5011363071796564,0.5314318459936319,0.37564462591446657,0.9872449898808715,0.46423570212057885,0.6478607203143746
Endothelial cell capillary,3.845793456947198e-43,0.03233027284044649,0.7426831765423311,0.6026344075394805,0.9465557161412123,0.8661755727335859,0.5560925411772104,0.0768114414917047,0.0,0.0484358574603154,0.033966137294617074,7.986706046292696e-07,2.372439759655286e-16,0.8505371138647322,0.265065882064345,0.5191676026866581,0.06663604186213276,0.7098154297563755,0.8481535425958973,0.6771673021298292,0.6859549630914329,0.8811121828043111,0.9062939482312098,0.08026335133737764,0.8664322527930161,0.803968852638887,0.5490384823989516,0.00027127779005613797,0.6487706859756944,0.4490374673956786,0.6637438451286639,0.7725632645303857,0.6292970013114447,0.768673648074037,0.4356572354852557,0.6835507257136213,0.2569475665977745,0.8450610410587324,0.7490703375871481,0.8458056842537113,0.8644379136032725,0.8185864485755716,0.5342791973372589,0.7704753722195061,0.7765631516466847,0.9298623660700662,0.7907714738028596,0.9039566595075577,0.7648863584586004,0.8426909522810002,0.8456256606141747,0.8946948748686978,0.942415264668296,0.03725368416326281,0.9975203804507936,0.6925316672569316,0.8174715814430864,0.7920956594289721,0.8443896925633886,0.8031182953276881,0.8314476999232179,0.5983948745327891,0.9214968884498328,0.5015158526935581,0.8401851750585656,0.956824213467327,0.9338298148011627
Endothelial cell lymphatic,0.2557126519923037,0.7500739290321933,0.8524908553123673,0.9711062730754981,0.7817493690015854,0.8677730180335846,0.019995691036313108,0.12109939103834827,0.0484358574603154,0.0,7.371099476222866e-10,1.0723876692921185e-06,0.0031556578579969427,0.68766994716269,0.1902597421480015,0.9413996553153833,0.018089358645274743,0.06081900809912147,0.3710575393960284,0.8219206653097592,0.5888227181045812,0.28508325341925156,0.2856639462260437,0.2936337018190793,0.2834983335092807,0.8245114217145476,0.6359349763103734,3.390082355742273e-08,0.16397602173171508,0.3198121437590031,0.2308400524500174,0.8938919203883084,0.002228875461666661,0.9378333403072523,0.5101997102841815,0.824995414330734,0.6800604009500266,0.8302251707517387,0.5797348979535489,0.7355245684253567,0.7034046043029953,0.4062639317974154,0.3270413630229219,0.5627505232393358,0.75564653148682,0.6749829343598294,0.6766039375935299,0.6113246916513267,0.6065628315840902,0.7306844090655581,0.735508664683692,0.6657290929955275,0.8647963639256611,0.5649577363924982,0.939816483246597,0.5073381183784036,0.7034098503723105,0.011310185987343315,0.7340336440716692,0.6440237136005014,0.7690694389846667,0.045811563417608316,0.5487160408063562,0.2665589446699104,0.5128313562122665,0.9920226203598027,0.4044241567400411
Endothelial cell venous,0.5334213187528183,0.9732665057784117,0.45698670589702345,0.3572813779921275,0.9265897987037135,0.2236189651403816,0.17932034136290456,0.014646740182145878,0.033966137294617074,7.371099476222866e-10,0.0,0.10668081965698072,0.00035245138735578497,5.756803790130182e-05,0.7201532772938156,0.4922767060988079,0.04554384420208091,0.8414390869167092,0.4417623351136009,0.2789588871177804,0.03332627267575635,0.7292491945623439,0.06933484282237647,5.910998175061035e-06,0.6903448648328886,0.5040157899758806,0.84256439181132,6.492213536709242e-06,0.09930867728125513,0.8031125241436536,0.5310204079793226,0.5654269838776336,0.3850314477634266,0.0723728212797508,0.3344363638488904,0.09574447270763756,0.058413317221591564,0.001136430714612467,0.3693328654930548,0.5796698350969431,0.6033986751883806,0.9479083522236472,0.4355733495841923,0.3002023658847739,0.5913827933225833,0.035436191829748775,0.9984903589272986,0.4638874145501145,0.5648628792436261,0.6051113202242049,0.6639022065492036,0.9912958765617162,0.3035831271176822,0.8295505201458195,0.5956994782575369,0.35690219273264445,0.9848111129816276,0.7695389934139902,0.10911909904817012,0.6582066446537648,0.8944707254946925,0.9283020720384652,0.3449938863614399,0.6103314078239799,0.6443741900113371,5.421300372152647e-05,0.6056440912895774
Fibroblast adventitial,1.828809661385258e-07,0.0240518811636423,0.2983191773508944,0.6797849434203119,0.985634454757817,0.5596465312817935,0.7974268148324885,0.12379622117102392,7.986706046292696e-07,1.0723876692921185e-06,0.10668081965698072,0.0,1.11327441949377e-08,0.7840615342032824,0.6318872600738173,0.5129663188977546,0.005691383874887471,0.3009080562313545,0.9528545407151439,0.3787044082851062,0.7045293450449936,0.8818186806787561,0.3867969180753907,0.15803871878919373,0.02563409633964073,0.7074359494467902,0.6865006093492285,2.2106159044582538e-08,0.9087209187990607,0.18372266820973635,0.6789878776147077,0.47589940166488043,0.8810378631016096,0.6231467342638876,0.7359564031775951,0.40499747731003233,0.7033460782430205,0.5790584955728659,0.6047771766255592,0.7533284792841978,0.9118579162523649,0.7587369183706489,0.6864780383377123,0.6737272097360644,0.7069354208637738,0.36634148437734293,0.8575327573712127,0.6073276875523557,0.8046739530738856,0.7485161282276156,0.7530462348092731,0.7494841143307015,0.7530253316433939,0.6679405805394604,0.8229230623043403,0.5352349724712854,0.7234651309652631,0.6759011084140354,0.8761487857794712,0.6512432429599015,0.8004917491014231,0.7012525694341334,0.7621767519109689,0.605068973111462,0.37505815587349367,0.6527974583991816,0.4982457501987617
Fibroblast alveolar,1.1614452304261615e-14,0.012310347086948318,0.5544698303110802,0.6460677833735893,0.6381227671244173,0.8287037117165853,0.9942486355931501,0.0190542456775048,2.372439759655286e-16,0.0031556578579969427,0.00035245138735578497,1.11327441949377e-08,0.0,0.0005744807159810729,0.5689931468662014,0.6652468163693236,6.11433523174282e-09,0.561064548293298,0.4664273175593832,0.6015253979651093,0.3066194823616438,0.44982661172445493,0.4263219243503686,0.011502525896667665,0.8310357621995261,0.5707921964312676,0.1254951693429664,1.204902011159735e-07,0.2906262702067074,0.22447774818803395,0.6842199637203434,0.3930751666133537,0.3989028862180581,0.5573590349901045,0.517442046139792,0.38944707660655575,0.16732367076946578,0.5648345436043515,0.6309140317012363,0.7688688723678211,0.7404882247412111,0.893485551980306,0.3393334909294949,0.5020321288007815,0.6524325282121911,0.5775355539678677,0.8099745398055895,0.6250340412310235,0.6514459284765908,0.7646869395873427,0.7686142557729438,0.747594865773057,0.7680288800141898,0.09104405985265165,0.7688688723678211,0.6394450894016929,0.728990158290533,0.9117801742401004,0.7666171032784649,0.6813610218864388,0.7543536145000596,0.6745424654687524,0.3621487886300569,0.4401334689679999,0.5257480654340084,0.8072102426954154,0.7361834587756423
Fibroblast peribronchial,0.8365641026928302,0.7903582114189455,0.07101615216481375,0.3882072060918716,0.45905439877837007,0.8305639564735627,0.6995685863621786,0.8121150332940342,0.8505371138647322,0.68766994716269,5.756803790130182e-05,0.7840615342032824,0.0005744807159810729,0.0,0.06684300849702056,0.5468663580461689,0.018453753468428286,0.5658896232714851,0.13961671748796164,0.17442943914842546,0.08930115781989925,0.3820661150775279,0.1508875049957657,2.6260615584513693e-06,0.6828472365455193,0.9609630685196995,0.273596513974974,0.423853202355558,0.02790646506435203,0.1555490471677458,0.6562199307027787,0.9773701529188378,0.09459020940097275,0.06098446476206081,0.20895007714997652,0.09001639416552004,0.2945857655722956,0.9611907332870656,0.45381369786433484,0.6440194236077605,0.20103886463665602,0.011504818167317745,0.69912043818474,0.5217463470018305,0.6540772981128544,0.48412574215258425,0.3652263784981969,0.42533035830732174,0.7876001897608192,0.6747835540427185,0.7028518220929952,0.0008896030145566788,0.8055781316662346,0.43938317725042125,0.6440194236077605,0.4929657228193349,0.5963844889160868,0.5455683164038218,0.3670276298244492,0.8887189974577697,0.6885345666682153,0.30691648057313126,0.44096206685672173,0.4560777040732847,0.5292098158706214,8.393710092047478e-08,0.38972582005520096
Macrophage,0.4930467112306166,0.8634719842306304,0.0018605997769342458,0.33417240973352125,0.19371076362201659,0.6526008482694381,0.16526231656600532,0.20708641966118482,0.265065882064345,0.1902597421480015,0.7201532772938156,0.6318872600738173,0.5689931468662014,0.06684300849702056,0.0,0.0003671520467836533,0.17838208191310498,0.138251068874986,0.00014107915160645624,0.09196504033178385,0.07408957285314013,0.434573120722457,0.057037382014204684,0.31611658629161477,0.7990077399529998,0.754892489893509,0.3426766530946217,0.355728583046989,0.0002377699509893354,0.09371764748108341,0.027307947841487684,0.900363684688496,0.005980874525588021,0.021373061187038488,0.5315468050804327,0.2738881005173474,0.008764306621225348,0.09099901032810966,0.9414510099308736,0.9485331086585483,0.11467246127155056,0.3341693204100474,0.24673750217021673,0.2836635722268895,0.5649395144990471,0.687796045377932,0.9945051400658987,0.16814179216478617,0.36800273320770194,0.2891984561268995,0.31731991500549106,0.4583159070888911,0.6536200381199996,0.6643850208189921,0.5820025235177934,0.6685954674334434,0.5220176363176828,0.5347001819627207,0.33263530861624757,0.7186462447099573,0.39395101155100537,0.7978221087487114,0.00026780982396373083,6.759304363768368e-05,0.9526343763315358,0.2402509079731577,0.7546970197337883
Macrophage alveolar,0.7835090556531039,0.8872266391873387,0.4242182095040495,0.25900788501433647,0.9452194679087254,0.8898852792521669,0.6042166783591634,0.6479813234721459,0.5191676026866581,0.9413996553153833,0.4922767060988079,0.5129663188977546,0.6652468163693236,0.5468663580461689,0.0003671520467836533,0.0,0.9198527599300079,0.8603823108054901,0.12018974456424175,0.1409182706305749,0.26382099576983925,0.3948073024153474,0.23478334141498894,0.3133807228571397,0.08582925974645243,0.39364636631585276,0.7476161760655,0.31919320174425103,0.8604417984939666,0.18040129285503897,0.2824784933160178,0.12554999733553573,0.31123024495967694,0.6085907202682711,0.2359177554528093,0.9311795645749936,0.1563173300187257,0.5009418957790104,0.43053181106480076,0.6539148688148327,0.8399656826992675,0.44863386663287974,0.27473758314810204,0.3380188966041733,0.595146578883948,0.5702429743129629,0.771596342239035,0.39769945021582653,0.5193605023195165,0.6013091246795198,0.6029049555357844,0.5423090328489253,0.6269508720611795,0.4119331897540099,0.014653659711130588,0.9758807746413937,0.5606626340815188,0.7151139690781227,0.6901065065807942,0.6521763449190667,0.8363223618211871,0.6668325479424688,3.770622987719581e-07,0.012125668930003785,0.7812048504637965,0.25521017828312126,0.029177809979663433
Mast cell,0.006920798703649394,0.0002652822914732788,0.5461479154778276,0.8586739129763367,0.7204598150277829,0.45201720368362097,0.007278655040299016,0.49775325729597997,0.06663604186213276,0.018089358645274743,0.04554384420208091,0.005691383874887471,6.11433523174282e-09,0.018453753468428286,0.17838208191310498,0.9198527599300079,0.0,0.6524414235190292,0.5204493928973264,0.7839162043130019,0.23410442111495006,0.7403025286050332,0.6740421580311058,0.06547101502453073,0.004740060661253913,0.9288053496785678,0.20967550385271866,0.0013020396832490923,0.8749762354728499,0.8177304326459656,0.32116117754085227,0.5126465467119038,0.9872096310366003,0.18103235112216504,0.1389186337859426,0.13584116573624616,0.8212334709095971,0.3770612902434829,0.21552863129455196,0.4180496603779572,0.39395287760504677,0.9654153169063241,0.09624073554798708,0.11178073126328286,0.2864993071895716,0.4771265899677748,0.533541290532512,0.2551303048141243,0.2938998893858523,0.40961284538612736,0.4281522895697047,0.3232848542742479,0.4779321925253828,0.5286412829444979,0.5153627013824427,0.39262152406162093,0.6359444401577442,0.19043035523669438,0.414480444369274,0.546512627447341,0.411505037085639,0.599119782992979,0.0011277974836105735,0.42100082780616505,0.008599491805308742,0.6781978966628098,0.21440082658737777
Mesothelial,0.63888196891224,0.6808318513417809,0.6962474547551677,0.7760196662620966,0.4979335192527716,0.520291680062951,0.7770545159152437,0.43358047541777933,0.7098154297563755,0.06081900809912147,0.8414390869167092,0.3009080562313545,0.561064548293298,0.5658896232714851,0.138251068874986,0.8603823108054901,0.6524414235190292,0.0,0.43218730729899263,0.3874475058286532,0.2086553962647531,0.004371803671303277,0.21902034308385931,0.5824837156499597,0.5006721205450276,0.12653365828865462,0.7659493591279146,0.9192011653797972,0.9986423102599581,0.984321719764229,0.31649001040635905,0.6759797386369076,0.4025470519652412,0.5786004006226161,0.6428851226853961,0.8530691330058906,0.5936338512145389,0.5391705976376314,0.6248557053026473,0.7654532329163235,5.963776953262379e-09,0.8626950782108461,0.2787220561364051,0.4784898660565191,0.0014606068523512201,0.6208440523043729,0.8405730826933331,0.7820950139066155,0.6556256930095526,0.7607503298269869,0.76518399269148,0.7024217073652973,0.7645484332881024,0.5373320224880098,0.06518651656151077,0.7599097085239505,0.8171217808086332,0.8841639352232433,0.3354385203319596,0.6873136904796693,0.7747751992940252,0.8499304623256563,0.8706367058574948,0.9164097990146476,0.8122241011004799,0.9905458874636246,0.5874710441073727
Monocyte classical,0.8355103306728864,0.6346436026669801,0.12634540047267276,0.3243642331903047,0.34625407185813567,0.09810862693495104,0.00985103799540275,0.7504812896724946,0.8481535425958973,0.3710575393960284,0.4417623351136009,0.9528545407151439,0.4664273175593832,0.13961671748796164,0.00014107915160645624,0.12018974456424175,0.5204493928973264,0.43218730729899263,0.0,5.8455199681928424e-05,0.9455759112315876,0.0036231051825058222,0.008888111740036468,0.5528869270166668,0.5629381167807607,0.2686415090571023,0.07030899415048926,0.8880571730579493,0.12758858569630652,0.03248843439579256,0.10773153163629329,0.10764032870672412,0.011765423777240535,0.560022609927242,0.19075478421876135,0.22825665672320233,0.018148969700791957,0.00815663506178337,0.2606727339984877,0.6707836847624178,0.2010932587169202,0.48408691383037694,0.2985231884723875,0.08229655346110513,0.9936133809582596,0.3570509466304036,0.2355430458001625,0.1967880092065071,0.9590847801485753,0.3799543326881413,0.415012533494301,0.40141982743202853,0.47681267342407146,0.3167272058440772,0.725336932400261,0.40692909285358725,0.3837910378321228,0.4855890145890879,0.44154012832456174,0.27654792740849254,0.546071883094222,0.5202096893329329,0.13344868624049197,0.7265653255231398,1.0754210924645732e-07,0.2081869353708051,0.2887249737168329
Monocyte non-classical,0.6173073394108571,0.3632492003392816,0.8924717091606104,0.7646464363804745,0.5014664759535994,0.5415966736757044,0.704978578408258,0.8814327193863449,0.6771673021298292,0.8219206653097592,0.2789588871177804,0.3787044082851062,0.6015253979651093,0.17442943914842546,0.09196504033178385,0.1409182706305749,0.7839162043130019,0.3874475058286532,5.8455199681928424e-05,0.0,1.3915697351409158e-05,0.10620224723986856,0.9787440169813992,0.49177948569913776,0.20804729028540322,0.6957809137902643,0.3141804141597087,0.8356457384485048,0.06564990379427983,0.6502748793613822,0.3539408449438899,0.20196749880196754,0.5026860757912223,0.0003187932025011497,0.16167845668254918,1.0347184418936707e-07,0.8705503555719938,0.3671662598591212,0.4535281412253107,0.630047932608521,0.587176070685142,0.3264992100553691,0.556356323173878,0.01741057594707515,0.529545427639255,0.7101537469020653,0.513774004457788,0.3719904652066711,0.6084318106323728,0.6318064967547945,0.6299187638165813,0.53746936705676,0.6292517639750169,0.35002255254773634,0.07357666269755991,0.5467065801388347,0.571721696631487,0.9302787124367383,0.6397034205425499,0.5312723600389601,0.607994130734741,0.004631246377381922,0.07984994073286553,0.9263072634022528,0.0026389789292946726,0.13760221579843768,0.4537616033287703
NK cell,0.6665483237793828,0.16954013774861224,0.11108388355076222,0.7776925176464206,0.7081658021076814,0.6713476131565912,0.2989849139561535,0.6815582751243121,0.6859549630914329,0.5888227181045812,0.03332627267575635,0.7045293450449936,0.3066194823616438,0.08930115781989925,0.07408957285314013,0.26382099576983925,0.23410442111495006,0.2086553962647531,0.9455759112315876,1.3915697351409158e-05,0.0,0.0007885660990433375,0.8668858290444451,0.4431431564655425,0.2253060025126789,0.9620066735232936,0.36237429038780866,0.7440979740487814,4.987768002990881e-09,0.3268828567382043,0.6481988855007613,0.5378946529123135,8.749218651261005e-05,1.2342731667946305e-08,0.011980372469472396,2.4496811783375552e-20,0.005870445379725002,0.3976077440795395,0.3139976280389718,0.501375523389197,0.6792151588413543,0.21699280306290397,0.13783189264622978,3.8187574092682947e-07,0.13466274539160908,0.39129517415675147,0.20042455860891847,0.2967573810516108,0.938035852888604,0.49352764919724207,0.5036449828953452,0.39716824050269506,0.5055982238963418,0.2053324763717083,0.00010978197799792037,0.30564639912879155,0.45035002161620324,0.6371625154422448,0.5007465815835206,0.42947683373707,0.4783688194266013,0.5934705051194004,0.6793608851834119,0.21812223219962973,0.9703461380423659,0.054631212277983475,0.31990992827815296
NK cell dividing,0.452872980005978,0.29596695627757164,0.35932294715002067,0.028932794641641394,0.6861274562240558,0.658906794525231,0.10917414919646334,0.6774900887374118,0.8811121828043111,0.28508325341925156,0.7292491945623439,0.8818186806787561,0.44982661172445493,0.3820661150775279,0.434573120722457,0.3948073024153474,0.7403025286050332,0.004371803671303277,0.0036231051825058222,0.10620224723986856,0.0007885660990433375,0.0,0.3990147126158451,0.9832309315653723,0.014242157925875885,1.0313875259877309e-05,0.36029481469330615,0.70017751408988,0.31414951878832015,0.021716060525847236,0.6912491946451902,0.0019368575764966219,0.12945294467074578,0.32159805200405545,0.438749966901515,0.08689304771474417,0.15904875669770002,0.5378624544319486,0.4818087915794251,0.7080049377403378,0.5349810269067734,0.856645380505871,0.864909270061425,0.0002166447874862466,2.531349857748827e-08,0.8212176947297871,0.505617746956945,0.4682754576290712,0.6461760975008298,0.6336310816616009,0.6403042140098769,0.5512656350339397,0.8476229022775659,0.352520899873579,0.8639698736950505,0.38666076300250996,0.5840451930657544,0.9037743414641655,0.6408057365996132,0.8588397629788824,0.633608028785943,0.7038057774217251,0.6288146201050426,0.54375068342875,8.598053667427733e-06,0.5420598647014322,0.20728694247069593
Neutrophils,0.9278934391019656,0.3913105865409649,0.8747041527629399,0.2686464758347495,0.20996896954742542,0.814349913686804,0.36756624592639464,0.6755400095577031,0.9062939482312098,0.2856639462260437,0.06933484282237647,0.3867969180753907,0.4263219243503686,0.1508875049957657,0.057037382014204684,0.23478334141498894,0.6740421580311058,0.21902034308385931,0.008888111740036468,0.9787440169813992,0.8668858290444451,0.3990147126158451,0.0,0.16866228032127017,0.07226034502929045,0.1173670222584174,0.18341629351208846,0.286047996260095,0.28865364563920914,0.2244034675007187,0.35719413735413547,0.2353523200234924,0.25863833143691345,0.4642877122398175,0.4435101785452986,0.6988261443378427,0.1648249406106553,0.9730304391287027,0.4921899672057953,0.6301179956494979,0.7557292905255936,0.6729006397736144,0.6725259529271193,0.5375891067084594,0.966346960420148,0.16502072397315118,0.1845298841635735,0.43655533834172494,0.548832009901462,0.6360670604026456,0.6297524623817232,0.5373748084535013,0.6323102264480748,0.4016218297094223,0.8058391584315757,0.3935413112650871,0.5726353746147084,0.8282040023784026,0.6321450296170132,0.47608904389688583,0.6708882898242936,0.9590385473743408,0.07396973492906285,0.1951793729590422,0.7303522765784274,0.15774660393606565,0.15131829698477725
Pericyte,0.3499683622866041,0.8089923175219578,0.19162140069465694,0.4173680923504918,0.6216929112100875,0.9179835276940033,0.7592541726860418,0.8831965275288705,0.08026335133737764,0.2936337018190793,5.910998175061035e-06,0.15803871878919373,0.011502525896667665,2.6260615584513693e-06,0.31611658629161477,0.3133807228571397,0.06547101502453073,0.5824837156499597,0.5528869270166668,0.49177948569913776,0.4431431564655425,0.9832309315653723,0.16866228032127017,0.0,0.00038836168905339994,0.5589820917943105,0.5409506802971282,1.1709684664269703e-08,0.13935517545771794,0.9297248264193765,0.34851330553635235,0.7442082044364596,0.39797439183792094,0.1421193782893278,0.38269715673039895,0.19612256906671321,0.15496197795105965,0.05277555833162468,0.5333981687055595,0.7027737868923658,0.9731813421757977,0.3386496364160436,0.5047087946488122,0.49095211572797715,0.7349113593056112,0.970029229851127,0.7576960168034592,0.7079038569728804,0.6119335475678527,0.8941657506127112,0.7660567541256711,0.7282506209461199,0.6390786885185826,0.821491340069537,0.7027737868923658,0.5888114025392833,0.6562814399327737,0.07433437163936786,0.8652358313767413,0.7113509930139476,0.7059371431369025,0.277115501332506,0.8736570738643196,0.5911340400251958,0.6607177681058268,8.410983757781503e-08,0.389910889609597
Plasma cell,0.7643223976055842,0.7063437128919623,0.6789876295199219,0.05601595888308104,0.15952393591783595,0.3726040566294029,0.0035650406426153817,0.815626818726352,0.8664322527930161,0.2834983335092807,0.6903448648328886,0.02563409633964073,0.8310357621995261,0.6828472365455193,0.7990077399529998,0.08582925974645243,0.004740060661253913,0.5006721205450276,0.5629381167807607,0.20804729028540322,0.2253060025126789,0.014242157925875885,0.07226034502929045,0.00038836168905339994,0.0,3.439946470759867e-05,0.7077385604305986,0.002068612838510286,0.45757638236670006,0.0011877001443578977,0.15905959652745166,0.4156718321659884,0.4813466703951693,0.10228697036673783,0.9838505861653531,0.0761750583965369,0.023359865563128974,0.5469769669198731,0.3267602540961359,0.3827203786459995,0.9679292768650832,0.670276590980066,0.7627423467954344,0.29195596159134907,0.8129947709959582,0.7644351541342734,0.6907044180909259,0.5995300593604994,0.5094282033362373,0.406142346457455,0.3944896766083199,0.553444167586447,0.9115481378583911,0.7482552603182746,0.3907587836307653,0.820158203860912,0.4123212480257674,0.90011200082452,0.38190740704696335,0.888715318077975,0.5403797629626161,0.028862572541870243,0.5666493896371929,0.11173878442866512,0.33148554099797617,0.6314100500636697,0.21214954143429018
Plasma cell dividing,0.8378882981638496,0.7192834433497608,0.877463286018219,0.10783596549084319,0.38660553257980357,0.4017360382132047,0.6637678914852023,0.7311033795134115,0.803968852638887,0.8245114217145476,0.5040157899758806,0.7074359494467902,0.5707921964312676,0.9609630685196995,0.754892489893509,0.39364636631585276,0.9288053496785678,0.12653365828865462,0.2686415090571023,0.6957809137902643,0.9620066735232936,1.0313875259877309e-05,0.1173670222584174,0.5589820917943105,3.439946470759867e-05,0.0,0.5305025548732402,0.39834018758797335,0.7967881783780185,3.0797279494698974e-05,0.8275896485676764,0.07816594767895248,0.48444891940068635,0.7387276877360859,0.6628778900503715,0.6955872055445435,0.17948289147180677,0.966415788379335,0.4856335395895128,0.6713901495740118,0.6325118616522033,0.743314057642683,0.9244980031157713,0.07713630541620045,0.06715175416480791,0.7925989876259142,0.8554367873956387,0.5683983924731035,0.868772972719036,0.6655227006062465,0.7868712391389503,0.45810067290924167,0.8031644729274608,0.3868114010813428,0.6713901495740118,0.7012785791443092,0.614576302363568,0.6772746360595782,0.6694345167230933,0.619537434442162,0.6849407873936172,0.0037373160014510915,0.0024233484493471165,1.2499119563228235e-05,0.06432316670648064,0.5993965575986374,0.27602576183192856
ROS1+ healthy epithelial,0.4827400705513512,0.08343692577420572,0.9484604202501207,0.36272369388355413,0.6342568131791176,0.5259864517953109,0.41696125367291825,0.37869682541474176,0.5490384823989516,0.6359349763103734,0.84256439181132,0.6865006093492285,0.1254951693429664,0.273596513974974,0.3426766530946217,0.7476161760655,0.20967550385271866,0.7659493591279146,0.07030899415048926,0.3141804141597087,0.36237429038780866,0.36029481469330615,0.18341629351208846,0.5409506802971282,0.7077385604305986,0.5305025548732402,0.0,0.09679816282470396,0.6655280552698992,0.23757607230630054,0.18379805131443838,0.16175924031009312,0.715651956879263,0.3549164573157213,0.1289879845544968,0.1840492445884549,0.45240401768388944,0.560367315483203,0.5859386497327487,0.7407131515108298,0.7091658759413821,0.7841326399219821,0.2264718126899178,0.431685754943125,0.7799777533759871,0.9951049318725007,0.20913501988030464,0.5321672691155516,0.6103081880112443,0.7355504231367087,0.7404175277023638,0.6717175262000431,0.7397197162019071,2.674026492657785e-29,0.5140655772708781,1.3738348101246804e-06,0.9522495640568843,0.759112880864489,0.7382066426106305,0.6880458255101596,0.7152529938075586,0.2992978328577368,0.8928914388589935,0.6944642113843179,0.3274269238807667,0.28938020920431323,8.07071659927733e-17
Smooth muscle cell,0.002282967575216063,0.5062025020554443,0.9039227646523772,0.94109263025676,0.5876009737787798,0.6439122447176505,0.5864790506663159,0.010677009012194065,0.00027127779005613797,3.390082355742273e-08,6.492213536709242e-06,2.2106159044582538e-08,1.204902011159735e-07,0.423853202355558,0.355728583046989,0.31919320174425103,0.0013020396832490923,0.9192011653797972,0.8880571730579493,0.8356457384485048,0.7440979740487814,0.70017751408988,0.286047996260095,1.1709684664269703e-08,0.002068612838510286,0.39834018758797335,0.09679816282470396,0.0,0.9478568565125256,0.639541804030164,0.6294296967065321,0.6196589137796935,0.6300587710125667,0.7892638396394989,0.6239748701554754,0.4367135111063908,0.7490985975546727,0.8466854771500857,0.6604365427799808,0.7882424016840169,0.7180370317236059,0.5917312019672134,0.35036270829207217,0.5328298131806813,0.6965396105990945,0.6239455319967124,0.6099274305878772,0.6587447518090682,0.8289284559396092,0.807262188797898,0.7880207726314784,0.9504932917855069,0.8490237674617735,0.8694214485674493,0.7882424016840169,0.6113678849988428,0.7697626238350321,0.9412409992533827,0.7865482085074883,0.7093676562367737,0.7787948603518399,0.6248554067005787,0.6489765437786921,0.6513675038129594,0.6250601929126222,0.5602575228839045,0.5019117682630917
T cell CD4,0.5653385084615704,0.037082642532425616,1.0947280889992605e-11,0.06880158236669565,0.34353790129710304,0.22897668669436727,0.43416497299614787,0.021090574136277476,0.6487706859756944,0.16397602173171508,0.09930867728125513,0.9087209187990607,0.2906262702067074,0.02790646506435203,0.0002377699509893354,0.8604417984939666,0.8749762354728499,0.9986423102599581,0.12758858569630652,0.06564990379427983,4.987768002990881e-09,0.31414951878832015,0.28865364563920914,0.13935517545771794,0.45757638236670006,0.7967881783780185,0.6655280552698992,0.9478568565125256,0.0,0.7175002418197447,0.00013016250109032594,0.48124435010406186,1.1292140307101342e-11,3.9500334902454866e-07,0.014535517307481111,0.002239322859423911,1.7730996354206642e-12,0.19123962316264473,0.1702828861997821,0.2991689553064459,0.3076618784246551,0.0295960181178118,0.020520425538124706,0.41864910883190154,0.9656187170700355,0.30427469452618516,0.19343971122834797,0.0789006073311276,0.5298251904986089,0.2811569403377581,0.29093046870201844,0.1801223025370257,0.29037661469008225,0.10481806939770091,0.07403593981892964,0.9948245031124842,0.27858637083494153,0.5769262432067471,0.2947182679536127,0.18232101389431013,0.2665110393488133,0.02446085058099687,0.7653852853903227,0.019748952227742974,0.49308974570218295,0.0026970582469490532,0.4020309142876501
