cell_type_adjusted,AT2,B cell,B cell dividing,Ciliated,DC mature,Endothelial cell arterial,Endothelial cell capillary,Endothelial cell lymphatic,Endothelial cell venous,Fibroblast adventitial,Fibroblast alveolar,Fibroblast peribronchial,Macrophage,Macrophage alveolar,Mast cell,Mesothelial,Monocyte classical,Monocyte non-classical,NK cell,NK cell dividing,Neutrophils,Pericyte,Plasma cell,Plasma cell dividing,Smooth muscle cell,T cell CD4,T cell CD4 dividing,T cell CD8 activated,T cell CD8 dividing,T cell CD8 effector memory,T cell CD8 naive,T cell CD8 terminally exhausted,T cell NK-like,T cell regulatory,Tumor AT2/1_LUAD,Tumor Club/AT2_MSLN,Tumor LUAD2,Tumor LUAD_EMT,Tumor LUAD_LUSC_mitotic,Tumor LUAD_MSLN_LUSC,Tumor LUAD_ROS1+,Tumor LUAD_mitotic,Tumor LUSC,Tumor LUSC_LUAD_NE,Tumor LUSC_mitotic_NE,Tumor NSCLC_mixed,cDC1,cDC2,myeloid dividing,pDC,stromal dividing
AT2,0.0,0.5133764271074278,0.7630632590994071,0.8074090047249772,0.6725508211589512,0.8055622181585462,0.8592089478209634,0.7552821280131735,0.6036054067665664,0.0003407875188218904,0.77614999829513,0.6602112047042953,0.7144853045721307,0.7519340666139767,0.431055346065826,0.8766159310425745,0.6352914985376743,0.6939940012489899,0.5019392132970855,0.6692674677231822,1.4182768232377482e-05,0.7272440625544624,0.3867727894946205,0.7210593332257963,0.7953321624513534,0.31023864603974377,0.44203561559571386,0.6753333346873913,0.6354225619420736,0.41610330478615054,0.62548723942301,0.5826137524162126,0.6824783904055527,0.40898259731559705,0.6851422304107757,0.9719107380620081,0.9241831066762469,0.8282915536605251,0.8813712135229729,0.6541679204629351,0.6384852051266453,0.7297381826400127,0.8328566304256199,0.7072966771002204,0.7184291588365634,0.8051685534756288,0.6592557958403316,0.4655105524868222,0.5581250861951745,0.6236204175663773,0.7669716941659542
B cell,0.5133764271074278,0.0,2.1990179507009166e-05,0.4362595719640989,0.6669831424662072,2.6900888988729877e-09,0.8010614530267411,0.99178998086181,0.5717759160128846,0.2991374887918448,0.5299198135602922,0.07154461804854807,0.0017069485141598608,0.4835829963900277,0.5295341068951221,0.7512265698718602,0.1281012747861452,0.8566409064600631,0.12053892525522188,0.6064759136338808,0.892374936386,0.2420809442147639,0.7164296662109844,0.911731230397763,0.9854978400937159,2.5755690719953917e-10,0.21086284009996542,0.00467576316603803,0.6351358061827231,0.005398932821897414,0.24081633475917946,0.5823749219420449,0.5765594033404532,0.0036131452223869005,0.7248667695704619,0.18264116846857575,0.9883740752656304,0.19903542475426073,0.47702211213918966,0.08515914034008511,0.07160085867010456,0.09491164548315827,0.3556090607510722,0.029970075474480617,0.027674836108490124,0.951864405722713,0.1345282950859836,0.96134286628233,0.037890518445477195,0.77432404763227,0.052565163869388816
B cell dividing,0.7630632590994071,2.1990179507009166e-05,0.0,0.5270382665721479,2.25508877212451e-07,0.6822417272168505,0.7359405573863071,0.9550444057848844,0.5514675533872447,0.8010673869749431,0.7880400957084678,0.46559427489603455,0.5913115445522477,0.4423870550909522,0.7296858748457943,0.8913888935037586,0.19763481601454913,0.5820708410453582,0.6026450950016446,0.45632866416331064,0.34205136426026794,0.6863724950868366,0.20911035609001488,0.7156633787186673,0.7660163927591063,0.022548499945073054,0.976842191696787,0.8028939602458783,0.42064620828308485,0.1906096251012126,0.2406492599526393,0.04073618847037746,0.9216063443566476,0.031822564996091686,0.4646359996995383,0.44257781126089946,0.7634381748201873,0.6818532415723835,0.8238490895330903,0.5936760892146581,0.3491596839731557,0.7218057570351866,0.9977500566849171,0.27653109232462236,0.2785981370970253,0.43663788101288664,0.8184664295075985,0.03175199797566433,0.9252875470391628,0.45405047939783133,0.38239696681708446
Ciliated,0.8074090047249772,0.4362595719640989,0.5270382665721479,0.0,0.9668688416558708,0.5854633850532961,0.7488103277010043,0.8342018884366895,0.927673243538035,0.9062442514226162,0.6428021075944406,0.4868274747943713,0.18253185652781814,0.9864781579165974,0.7338412009219566,0.7483017750633046,0.3711976648867458,0.6348985652439981,0.7266692112296748,0.8594226627123737,0.2514932133659164,0.693541413661643,0.1730274279594248,0.484736577191814,0.6171426662741611,0.4483496629502199,0.27790484517151365,0.4610964810950375,0.5346391031846714,0.23772623218551736,0.35370713814254895,0.23259665228142729,0.9501637602517061,0.09183634827640308,0.024745812637841518,0.6184045142711881,0.8402368809807886,0.6523119733001331,0.7080777033802685,0.5630562831551738,0.8149256573994317,0.4439052877023194,0.6184235271708711,0.8111312427243914,0.8389584949146631,0.2618408390336076,0.3981480028650628,0.5360820441218236,0.5768846963854222,0.7487259545074217,0.713976111435213
DC mature,0.6725508211589512,0.6669831424662072,2.25508877212451e-07,0.9668688416558708,0.0,0.4849017086458527,0.4305825707755159,0.017529074627866358,0.08538552600314955,0.4739847557856693,0.8785941735548564,0.5922090197611242,0.24432731559107188,0.73379081572994,0.04258603574599522,0.6514089981843881,0.02303290441246347,0.7208486151644492,0.2962368607773199,0.03745067274164559,0.6687315939843692,0.8054386794150928,0.0071586101441007965,0.5521689401123591,0.6663154109115519,0.5469831269624902,0.0095198011469898,0.6994509344024612,0.5269454245973123,0.8328015001412623,0.32871957929057977,0.41928692353256297,0.5614097765124213,0.7743861978670704,0.3804364932043204,0.6015958151684122,0.6717424175123794,0.34393268567626023,0.7699399653049306,0.3969372665770783,0.5033622990808971,0.8227320621453458,0.9626957102183205,0.23204188667898287,0.23882421792764083,0.6767860490244619,0.39453569926010473,5.1880819191042745e-06,0.3797454618511533,0.0024442093263657445,0.4212045847186653
Endothelial cell arterial,0.8055622181585462,2.6900888988729877e-09,0.6822417272168505,0.5854633850532961,0.4849017086458527,0.0,0.34983984240406985,0.116979938315009,0.009808603176313192,0.20980271230304276,0.08453294682714642,0.8243121026610987,0.22195182851575065,0.6678448665478174,0.532443127209466,0.8646818503417263,0.628203035275227,0.8316429018393008,0.8334364568248206,0.8886192522683128,0.7837633767261105,0.7978905907205203,0.8041177938391123,0.618876368322291,0.009846272338709022,0.009874526326922008,0.1293413300110718,0.6497332030294954,0.6158582109746924,0.6049813083844191,0.974242412344753,0.6544407787371949,0.6133042504991982,0.6206996143235657,0.9449866360104822,0.652302863208737,0.8046175661851143,0.5824525836006428,0.7437188674679767,0.47907134274240704,0.2743202566507703,0.4685968264990655,0.5831169349511506,0.33324581382834356,0.3850334500408009,0.3635968440427692,0.290955543285591,0.47213189783901294,0.22848919861337785,0.9604559231166685,0.4763163150460231
Endothelial cell capillary,0.8592089478209634,0.8010614530267411,0.7359405573863071,0.7488103277010043,0.4305825707755159,0.34983984240406985,0.0,0.12187500840936229,0.027045696442258724,7.136676088873486e-07,1.0985172911181949e-13,0.8413435847886348,0.3455348016927901,0.554539122442299,0.09742700558568668,0.9318267484400246,0.8415149238730409,0.8232792004059085,0.7452897937522667,0.8069406253012023,0.9181609587261935,0.05659770512848865,0.8452080319942982,0.8150876076352823,0.0002170180466601945,0.8873877153253925,0.5028959216941091,0.5599699668507416,0.8555986686118763,0.7151309082787554,0.9667447601471326,0.47371899296116093,0.8246734558601257,0.27616918669559987,0.00011279395844903203,0.38930499125490464,0.8588504397579745,0.687710657660485,0.7812184512321094,0.579860615308796,0.7004140512473177,0.8702753390588766,0.6925542822738818,0.5586475290937734,0.5714483820048124,0.7643997132506208,0.8105777961066206,0.9699190112498834,0.5072334027365658,0.9269492239236453,0.9327086808773256
Endothelial cell lymphatic,0.7552821280131735,0.99178998086181,0.9550444057848844,0.8342018884366895,0.017529074627866358,0.116979938315009,0.12187500840936229,0.0,1.619034806636652e-10,5.50162186814202e-06,0.012851625857649289,0.7441354117191771,0.19902983013152165,0.9779457161421347,0.02427912983398058,0.0036177385456095117,0.39553817892160537,0.7431695898398725,0.6874754846181388,0.18034746377980593,0.27802747344290446,0.2529354954674325,0.2501597451782218,0.5505855303762903,5.115428556628801e-08,0.21323381655851306,0.2597408797840916,0.4885912774984269,0.8839251428583095,0.002044916439901691,0.818003628747104,0.5217178692717833,0.7093407176578489,0.6065218829764185,0.9465346555897143,0.8925819637938414,0.7541075771544655,0.48156014338913417,0.6301532697590944,0.37501620287096055,0.5774579325782426,0.6051692075760878,0.8134120424169841,0.2609381675660305,0.2702822580156268,0.5318137107021715,0.04348129683758215,0.45401121255065174,0.286348498422395,0.4922695553125962,0.9296307945155831
Endothelial cell venous,0.6036054067665664,0.5717759160128846,0.5514675533872447,0.927673243538035,0.08538552600314955,0.009808603176313192,0.027045696442258724,1.619034806636652e-10,0.0,0.1283398244160357,0.040483595044011875,0.01227662677843609,0.5581526219127007,0.4545054320334384,0.3466182503841498,0.7396121871224084,0.49453703992665243,0.49830595111618825,0.05416701689079739,0.7857884163182358,0.07188991484085598,1.9977906853733158e-05,0.6075704510202358,0.4959796933673246,2.9087360070626343e-06,0.2726093575464426,0.9690929843879218,0.40080763468330227,0.7283902402756106,0.530326594892223,0.26604134556275727,0.43436693963138656,0.21081045922184583,0.07673065009101161,0.5513469845318232,0.9372040628366748,0.6540929427770781,0.40418611093725537,0.9116018434752935,0.5755212256221717,0.8272153411916563,0.001999291926948539,0.5126275299167169,0.5921469949812772,0.16629917220096654,0.586652130650754,0.7194047289818677,0.40350480601990624,0.6781629676963596,0.49804009541828653,7.061793350531724e-05
Fibroblast adventitial,0.0003407875188218904,0.2991374887918448,0.8010673869749431,0.9062442514226162,0.4739847557856693,0.20980271230304276,7.136676088873486e-07,5.50162186814202e-06,0.1283398244160357,0.0,1.4026810779120814e-07,0.838669972255069,0.6708185594891851,0.5865457297080156,0.008850807220145838,0.03838060396719314,0.907383510363225,0.5306528536131594,0.697471738179725,0.9752251757468259,0.33657542206550406,0.15165708179164453,0.029361660173569816,0.49490877704780684,3.2421518600620413e-07,0.9308297021729166,0.21235724580735563,0.8166986538769014,0.5036159793874837,0.984668428026097,0.9955206999730274,0.740847404951211,0.5391606729734876,0.5973604200077735,0.07143767364762058,0.922762793922671,0.7646072336714768,0.5249877184500595,0.64368604247445,0.3416863233250697,0.390837692315272,0.43547270385741754,0.6845159831369689,0.5837538170271591,0.4030435164238033,0.5727091609697339,0.9769218215591066,0.838263318784468,0.5935950358757179,0.3699857027938116,0.7807958874874571
Fibroblast alveolar,0.77614999829513,0.5299198135602922,0.7880400957084678,0.6428021075944406,0.8785941735548564,0.08453294682714642,1.0985172911181949e-13,0.012851625857649289,0.040483595044011875,1.4026810779120814e-07,0.0,1.3754495099770049e-05,0.3222254699211421,0.3328362865859882,3.4652862476975915e-10,0.8968813638324448,0.36957530255345566,0.664239975524987,0.30268657539770966,0.6139446586576822,0.41911043081616145,0.2763733460934398,0.8820954962283054,0.41867260148416624,1.4330131335873138e-06,0.3570187418802008,0.2293079019252831,0.5747794567683541,0.4039887345632011,0.3927599685221397,0.7696096765135656,0.4981763580156548,0.4948285264679729,0.16954532209382792,1.2581262575825912e-05,0.11718304821435696,0.7750697563102621,0.5209090235352505,0.7093991018144097,0.49211379378668657,0.5588290566547894,0.40801876744997534,0.6272607305337896,0.29409212365378273,0.31774284008466314,0.5824780676615766,0.8683624905798615,0.7617127790713346,0.3740689024215022,0.4544351312422507,0.6513822382353046
Fibroblast peribronchial,0.6602112047042953,0.07154461804854807,0.46559427489603455,0.4868274747943713,0.5922090197611242,0.8243121026610987,0.8413435847886348,0.7441354117191771,0.01227662677843609,0.838669972255069,1.3754495099770049e-05,0.0,0.022021334986682954,0.2470571465997698,0.0020834033229190376,0.6267854470930688,0.1288180611843397,0.22887304925070462,0.10196419359250251,0.35738185304959175,0.17377997336613416,0.0021182096490336144,0.8087437992329413,0.9408052381024997,0.4709021196413791,0.02439161440782416,0.24607135314155879,0.6497475960821183,0.9523315597326841,0.07459564402785133,0.17136871968851908,0.20038085345184328,0.15681088270500138,0.23193739991062307,0.6313876264541353,0.6058197081489047,0.6603148113270209,0.628087274624203,0.841010736269197,0.3115756769023026,0.6494065661832521,0.337105244805869,0.8648324435118916,0.2561985697865855,0.043375791824159037,0.5786592800675595,0.3449310965119671,0.7637403238236109,0.5296857174014304,0.540725673830084,1.2197887254488955e-06
Macrophage,0.7144853045721307,0.0017069485141598608,0.5913115445522477,0.18253185652781814,0.24432731559107188,0.22195182851575065,0.3455348016927901,0.19902983013152165,0.5581526219127007,0.6708185594891851,0.3222254699211421,0.022021334986682954,0.0,0.005100215447007268,0.08085436138766178,0.9578743953593629,0.00011055325245134142,0.09069318581943922,0.058605457603472286,0.127329579146823,0.06658698447869492,0.41419707603819106,0.8184437928223258,0.665770731874424,0.2678169241631653,0.0011537338171668653,0.15758944160512614,0.016711514610459263,0.9442248087056075,0.004478637755301084,0.04250269944094568,0.46611179578477957,0.2198527072097052,0.004514562311199091,0.7716778830028131,0.6194812653062199,0.7481811807985295,0.9477612512491698,0.99595325573458,0.7014979069877135,0.4412000537702976,0.8995555291866862,0.17517645707592824,0.13708653330194778,0.1975438051107011,0.23276881852549577,0.9400090245283409,0.001474448670280558,8.988596814112873e-05,0.9002132261245063,0.22754840555787215
Macrophage alveolar,0.7519340666139767,0.4835829963900277,0.4423870550909522,0.9864781579165974,0.73379081572994,0.6678448665478174,0.554539122442299,0.9779457161421347,0.4545054320334384,0.5865457297080156,0.3328362865859882,0.2470571465997698,0.005100215447007268,0.0,0.5402859478668531,0.39566047582254565,0.01839991190296535,0.12141132289793054,0.23555207469984837,0.6302010221489663,0.2495629615085205,0.27074790336625304,0.11412343292480323,0.5453573202615912,0.349639339987436,0.818913054323747,0.3142554883294257,0.40299581139741886,0.16793738615198622,0.5098265221691111,0.25933052579601074,0.26291012432487143,0.8166506813757426,0.22833062364170256,0.9575076229052756,0.6601900798168666,0.6500818099883191,0.34293591951484015,0.6268899843700751,0.38203585600663936,0.43723634573950004,0.7833616373147773,0.3955781915685953,0.13048850034310386,0.14547941093236214,0.8406533284374939,0.8411757699724242,1.1363304489369935e-06,0.003913002387064639,0.7713248406845401,0.2996603609868207
Mast cell,0.431055346065826,0.5295341068951221,0.7296858748457943,0.7338412009219566,0.04258603574599522,0.532443127209466,0.09742700558568668,0.02427912983398058,0.3466182503841498,0.008850807220145838,3.4652862476975915e-10,0.0020834033229190376,0.08085436138766178,0.5402859478668531,0.0,0.7048133802498886,0.7198016227185758,0.9072609436100517,0.23225375613331364,0.8556867966125998,0.6676351298484687,0.4140085214552142,0.006165713223473706,0.7976302833772326,0.005912119600091242,0.7940997678463575,0.7881342646550913,0.47270097965520924,0.4196497470452337,0.7324544449991878,0.4948354863491797,0.12801963531178887,0.20574564706709506,0.8033777084927635,0.0004036192172412683,0.024396424354557356,0.4292081159723114,0.09591614066502575,0.6111383507371537,0.2530551729446052,0.09456547475185674,0.8802906869992567,0.2059317572044892,0.014084627921748373,0.02170453541912904,0.32087683497358577,0.7695416051924953,0.01746635961433766,0.5335511971346988,0.01224013808698324,0.4679597418852649
Mesothelial,0.8766159310425745,0.7512265698718602,0.8913888935037586,0.7483017750633046,0.6514089981843881,0.8646818503417263,0.9318267484400246,0.0036177385456095117,0.7396121871224084,0.03838060396719314,0.8968813638324448,0.6267854470930688,0.9578743953593629,0.39566047582254565,0.7048133802498886,0.0,0.4013772367718617,0.7224347751172888,0.07576442468470135,0.9162337686522526,0.5690363408467026,0.6419529308656372,0.992875464900994,0.42477960619115857,0.8170160218914213,0.0666309682581607,0.46296019765613877,0.8142529290647736,0.7663639300740158,0.3196666362443349,0.27404075308128517,0.19026132540909654,0.5139427577462813,0.8730468633193493,0.7613252577605527,0.9061078692464442,0.8760091767869673,0.7220933869856445,0.8066993278701443,0.8053510228399453,0.4980413736742299,0.8125536356218015,0.7292978518382884,0.5421082610308952,0.5594443609159686,0.7068188205628314,0.38970482710977605,0.9374631175548209,0.7299327578181873,0.8422388825978969,0.6269571639767836
Monocyte classical,0.6352914985376743,0.1281012747861452,0.19763481601454913,0.3711976648867458,0.02303290441246347,0.628203035275227,0.8415149238730409,0.39553817892160537,0.49453703992665243,0.907383510363225,0.36957530255345566,0.1288180611843397,0.00011055325245134142,0.01839991190296535,0.7198016227185758,0.4013772367718617,0.0,0.0007311140137382645,0.9777735050711326,0.00022429817534663624,0.010526225975071425,0.6027566373832843,0.4786632374620536,0.1610663240269245,0.7830153890239816,0.24741460517787384,0.039818455121026074,0.15497394303369078,0.1094200650055882,0.016520489874200572,0.8519804546329951,0.18398630818206357,0.192340500745723,0.02908747992282228,0.9652979042614365,0.19618587249971073,0.18938269248442718,0.4586749707351216,0.5036928514595478,0.0920872104593018,0.4231874896263731,0.34939049465194233,0.6850778842336189,0.12795707416799765,0.1295272047207498,0.21828352121919087,0.9205980230829359,0.04547478533253411,0.523475747081992,1.9505954368110762e-07,0.17576267125325767
Monocyte non-classical,0.6939940012489899,0.8566409064600631,0.5820708410453582,0.6348985652439981,0.7208486151644492,0.8316429018393008,0.8232792004059085,0.7431695898398725,0.49830595111618825,0.5306528536131594,0.664239975524987,0.22887304925070462,0.09069318581943922,0.12141132289793054,0.9072609436100517,0.7224347751172888,0.0007311140137382645,0.0,6.0287242433904825e-06,0.01578757136097191,0.7294226791318408,0.35562833339261685,0.07720678536097902,0.45620818148417847,0.8668804172614328,0.08485070559041809,0.5214202100640065,0.4044788406856042,0.11813438575384116,0.24360811774648497,0.0009118076858428388,0.13427820369297022,1.0774415141566159e-07,0.9965759210516116,0.6440220972300512,0.5616556558199254,0.03979425959299428,0.4184187501409354,0.6410303704364064,0.3785704264551072,0.7775563136016637,0.27073816906716985,0.39440926210934596,0.1669503151329789,0.2259351903700935,0.33405250830912214,0.4072276186933932,0.03490585152094837,0.9187059085240954,0.0008623949894086602,0.25599680658326784
NK cell,0.5019392132970855,0.12053892525522188,0.6026450950016446,0.7266692112296748,0.2962368607773199,0.8334364568248206,0.7452897937522667,0.6874754846181388,0.05416701689079739,0.697471738179725,0.30268657539770966,0.10196419359250251,0.058605457603472286,0.23555207469984837,0.23225375613331364,0.07576442468470135,0.9777735050711326,6.0287242433904825e-06,0.0,0.00023372845279644319,0.8277042363445041,0.5951921087917043,0.23984327517182408,0.6738146927961314,0.790689434156138,6.786055589185176e-10,0.48987428146999873,0.6757690890671344,0.5793614762967404,5.370311457813883e-05,1.8340725101749742e-10,0.01077233411276985,1.043542352256476e-20,0.005097016848120572,0.3159916045380681,0.2010648864243509,0.11794218369817142,0.22388080327403376,0.6918052458518477,0.10050469824674724,0.2037617622034046,0.14054985521480176,0.24820206119527097,0.03402425919985306,0.033001051761551096,0.27899982295289305,0.8943461258883474,0.8548651828619915,0.23731149899163317,0.9420898489528291,0.07540681929358121
NK cell dividing,0.6692674677231822,0.6064759136338808,0.45632866416331064,0.8594226627123737,0.03745067274164559,0.8886192522683128,0.8069406253012023,0.18034746377980593,0.7857884163182358,0.9752251757468259,0.6139446586576822,0.35738185304959175,0.127329579146823,0.6302010221489663,0.8556867966125998,0.9162337686522526,0.00022429817534663624,0.01578757136097191,0.00023372845279644319,0.0,0.26103589755555556,0.5520235619686692,0.013032434342590066,0.001147121771173451,0.3580373619858371,0.03676475616084667,0.013436879853214791,0.6586697096436784,0.0007310057155462303,0.3865871026472082,0.015066149590074369,0.43177248096510173,0.005297257242223655,0.6389337217191513,0.7209432560261079,0.524056341547294,0.6964151623490152,0.447521240610275,0.8164167647465905,0.4237032357297684,0.5892455481769155,0.3056813104986628,0.4198368862012849,0.5354314103759438,0.268134278705115,0.47545728351175764,0.8291163967421509,0.3387829951391604,0.609679859821106,5.995907604730421e-08,0.45566219268535524
Neutrophils,1.4182768232377482e-05,0.892374936386,0.34205136426026794,0.2514932133659164,0.6687315939843692,0.7837633767261105,0.9181609587261935,0.27802747344290446,0.07188991484085598,0.33657542206550406,0.41911043081616145,0.17377997336613416,0.06658698447869492,0.2495629615085205,0.6676351298484687,0.5690363408467026,0.010526225975071425,0.7294226791318408,0.8277042363445041,0.26103589755555556,0.0,0.22092700016320008,0.07950312140194848,0.17737770720467785,0.2817847078807586,0.32780034371479017,0.26162664263654223,0.5610267540575843,0.26944445044098086,0.3326991969029995,0.1935386264763475,0.37812157754147324,0.9542703834185486,0.21383317774327362,0.530369962777228,0.18876599151472373,0.6294624334118136,0.3155897947650106,0.8656740629256156,0.057591802056985074,0.329015613184995,0.3298688470963158,0.5917386947528787,0.2024185709392658,0.21669586278306247,0.5034491901470258,0.3348039551849265,0.10721604989904472,0.22019786151548437,0.7416178858472144,0.20852027886263141
Pericyte,0.7272440625544624,0.2420809442147639,0.6863724950868366,0.693541413661643,0.8054386794150928,0.7978905907205203,0.05659770512848865,0.2529354954674325,1.9977906853733158e-05,0.15165708179164453,0.2763733460934398,0.0021182096490336144,0.41419707603819106,0.27074790336625304,0.4140085214552142,0.6419529308656372,0.6027566373832843,0.35562833339261685,0.5951921087917043,0.5520235619686692,0.22092700016320008,0.0,0.0001648579865994527,0.43478386686597226,1.5911915310780835e-08,0.2759602028243583,0.8405560026737664,0.3841899699217145,0.850506053865992,0.5374249517165391,0.34955170750209485,0.4758072579882285,0.33587550485539436,0.19771505937464723,0.9778615440804628,0.5047691079548481,0.728193508103448,0.5201061089026928,0.9038875681981569,0.8381633108716159,0.8659863912905509,0.9853450294494711,0.7877650786812233,0.9357992877597604,0.5797080619616204,0.5986294127709991,0.30512753198692427,0.7675588883286706,0.5103799131585317,0.7499103582522793,2.4756493423634537e-08
Plasma cell,0.3867727894946205,0.7164296662109844,0.20911035609001488,0.1730274279594248,0.0071586101441007965,0.8041177938391123,0.8452080319942982,0.2501597451782218,0.6075704510202358,0.029361660173569816,0.8820954962283054,0.8087437992329413,0.8184437928223258,0.11412343292480323,0.006165713223473706,0.992875464900994,0.4786632374620536,0.07720678536097902,0.23984327517182408,0.013032434342590066,0.07950312140194848,0.0001648579865994527,0.0,0.00017539628141542826,0.004010531498776677,0.5416150675132647,0.0012061309885265771,0.35885323601968266,0.518716739270229,0.8383261975368871,0.36782299991236667,0.8728000593519201,0.12260770834831781,0.03626011750992246,0.5807233743455611,0.3840029995329089,0.40533860530282795,0.25224437134048483,0.5402366751611609,0.2348115901335222,0.2100043653060481,0.9768516956860956,0.3559220584252094,0.6518682978364716,0.3471032287303666,0.30545606257583424,0.003985023342168166,0.5437378846448379,0.11877604705111677,0.3235240979618588,0.7898791088568813
Plasma cell dividing,0.7210593332257963,0.911731230397763,0.7156633787186673,0.484736577191814,0.5521689401123591,0.618876368322291,0.8150876076352823,0.5505855303762903,0.4959796933673246,0.49490877704780684,0.41867260148416624,0.9408052381024997,0.665770731874424,0.5453573202615912,0.7976302833772326,0.42477960619115857,0.1610663240269245,0.45620818148417847,0.6738146927961314,0.001147121771173451,0.17737770720467785,0.43478386686597226,0.00017539628141542826,0.0,0.7106401154911138,0.9207282401760164,1.733432919318493e-05,0.46768447297379856,0.08334265545888815,0.7585817684184645,0.8994374281399774,0.5408206371620117,0.7280122857811672,0.450000258950144,0.29594070305832504,0.38891566143905787,0.39085540204503305,0.4295827731961039,0.8045346616188982,0.5365357760108812,0.6242687259681124,0.8377749047611734,0.9569758015890242,0.9697405689695832,0.9238314246215925,0.5459535166614634,0.0005556113378030956,0.0015053792127363644,1.2920197719144313e-06,0.06290177394203407,0.7550607217702378
Smooth muscle cell,0.7953321624513534,0.9854978400937159,0.7660163927591063,0.6171426662741611,0.6663154109115519,0.009846272338709022,0.0002170180466601945,5.115428556628801e-08,2.9087360070626343e-06,3.2421518600620413e-07,1.4330131335873138e-06,0.4709021196413791,0.2678169241631653,0.349639339987436,0.005912119600091242,0.8170160218914213,0.7830153890239816,0.8668804172614328,0.790689434156138,0.3580373619858371,0.2817847078807586,1.5911915310780835e-08,0.004010531498776677,0.7106401154911138,0.0,0.9370993002926626,0.653962816127315,0.7464390434622796,0.65165328317018,0.6536317203802359,0.8347698630735313,0.6362470232967609,0.5590659828450673,0.75994892970167,0.15788008932981018,0.7957178093765434,0.7945497691727016,0.6728308028815702,0.7219688444035735,0.5781754148995519,0.44327584606234144,0.6176267696292581,0.938719410279205,0.4023870663792636,0.4448757816831854,0.6463847255303273,0.8807101147290358,0.6390971794836027,0.5120800514327508,0.6098051523704289,0.890798628349329
T cell CD4,0.31023864603974377,2.5755690719953917e-10,0.022548499945073054,0.4483496629502199,0.5469831269624902,0.009874526326922008,0.8873877153253925,0.21323381655851306,0.2726093575464426,0.9308297021729166,0.3570187418802008,0.02439161440782416,0.0011537338171668653,0.818913054323747,0.7940997678463575,0.0666309682581607,0.24741460517787384,0.08485070559041809,6.786055589185176e-10,0.03676475616084667,0.32780034371479017,0.2759602028243583,0.5416150675132647,0.9207282401760164,0.9370993002926626,0.0,0.5283824163689524,0.20296362577643492,0.5525853509586629,1.2628243433383816e-08,1.3641645976006852e-07,0.008182709196424217,0.0011121601606005685,2.548542660885399e-07,0.10866820435855189,0.23632891446836035,0.5346683151656002,0.08500556406291608,0.38230463325496655,0.02543131442207635,0.04686085547938088,0.06741770515701882,0.42004848293846553,0.001214761536856451,0.00099198488439137,0.24895156010385672,0.02357354517775901,0.6239273192652731,0.03347319460631065,0.4228408194977335,0.007240104565264013
T cell CD4 dividing,0.44203561559571386,0.21086284009996542,0.976842191696787,0.27790484517151365,0.0095198011469898,0.1293413300110718,0.5028959216941091,0.2597408797840916,0.9690929843879218,0.21235724580735563,0.2293079019252831,0.24607135314155879,0.15758944160512614,0.3142554883294257,0.7881342646550913,0.46296019765613877,0.039818455121026074,0.5214202100640065,0.48987428146999873,0.013436879853214791,0.26162664263654223,0.8405560026737664,0.0012061309885265771,1.733432919318493e-05,0.653962816127315,0.5283824163689524,0.0,0.4407532742665214,2.9731799987381855e-14,0.009670880302536447,0.8884361358592704,3.1410033399682975e-05,0.800026235388285,3.844734152759328e-05,0.5765426606106717,0.09818606515877017,0.44240413504990195,0.761361148616807,0.26811913551531685,0.1456677192696255,0.12380494271841773,0.49286278560854074,0.10728952171294963,0.14341901421422867,0.18568342402512142,0.19692641781678943,0.05601634042090701,0.060233109738776804,0.05741840790900919,1.7577117644606863e-05,0.48231332747988526
T cell CD8 activated,0.6753333346873913,0.00467576316603803,0.8028939602458783,0.4610964810950375,0.6994509344024612,0.6497332030294954,0.5599699668507416,0.4885912774984269,0.40080763468330227,0.8166986538769014,0.5747794567683541,0.6497475960821183,0.016711514610459263,0.40299581139741886,0.47270097965520924,0.8142529290647736,0.15497394303369078,0.4044788406856042,0.6757690890671344,0.6586697096436784,0.5610267540575843,0.3841899699217145,0.35885323601968266,0.46768447297379856,0.7464390434622796,0.20296362577643492,0.4407532742665214,0.0,0.5486857394981879,4.997630895858054e-05,0.15275647085553207,0.7229774432376217,0.3016269378908499,6.75359032936404e-11,0.4834920994062712,0.21089790710593648,0.6899477579394288,0.34548985060185955,0.9966499329723307,0.14011738930097561,0.4073438209398968,0.1807374561087559,8.176842339923267e-12,0.11916350032455608,0.1303114321458839,0.9045452219933956,0.7194327025892902,0.334462387697445,0.259213820711077,0.8754512496927566,0.21658151232779577
T cell CD8 dividing,0.6354225619420736,0.6351358061827231,0.42064620828308485,0.5346391031846714,0.5269454245973123,0.6158582109746924,0.8555986686118763,0.8839251428583095,0.7283902402756106,0.5036159793874837,0.4039887345632011,0.9523315597326841,0.9442248087056075,0.16793738615198622,0.4196497470452337,0.7663639300740158,0.1094200650055882,0.11813438575384116,0.5793614762967404,0.0007310057155462303,0.26944445044098086,0.850506053865992,0.518716739270229,0.08334265545888815,0.65165328317018,0.5525853509586629,2.9731799987381855e-14,0.5486857394981879,0.0,0.008531071550993925,0.1283086300542182,8.950294838578072e-20,0.1635776765597828,0.00020971903558755127,0.4703411667944665,0.25600602330296335,0.919632289877964,0.6839053129133992,0.6490294911515324,0.3810906019007392,0.11226035223662123,0.4644427735540227,0.8008396770239544,0.22378668748837713,0.2978794207738541,0.3672457102993315,0.9890738413678704,0.9068555407383303,0.4912927188633116,2.7260576350879128e-05,0.9329187942342165
T cell CD8 effector memory,0.41610330478615054,0.005398932821897414,0.1906096251012126,0.23772623218551736,0.8328015001412623,0.6049813083844191,0.7151309082787554,0.002044916439901691,0.530326594892223,0.984668428026097,0.3927599685221397,0.07459564402785133,0.004478637755301084,0.5098265221691111,0.7324544449991878,0.3196666362443349,0.016520489874200572,0.24360811774648497,5.370311457813883e-05,0.3865871026472082,0.3326991969029995,0.5374249517165391,0.8383261975368871,0.7585817684184645,0.6536317203802359,1.2628243433383816e-08,0.009670880302536447,4.997630895858054e-05,0.008531071550993925,0.0,0.00027842039066120687,2.9147869526136615e-09,0.060525453236189554,4.323076095520654e-15,0.16132183848994688,0.10861798055591122,0.5707520284227156,0.1251263510440871,0.7529062606021654,0.01636237044346841,0.010532268542979643,0.07668889309032374,0.005746355860996142,0.0035963902232726505,0.0061856514052996345,0.14868253440770268,0.1652540243384963,0.43027210113444464,0.04723193659869382,0.5555279582065376,0.03658796422659055
T cell CD8 naive,0.62548723942301,0.24081633475917946,0.2406492599526393,0.35370713814254895,0.32871957929057977,0.974242412344753,0.9667447601471326,0.818003628747104,0.26604134556275727,0.9955206999730274,0.7696096765135656,0.17136871968851908,0.04250269944094568,0.25933052579601074,0.4948354863491797,0.27404075308128517,0.8519804546329951,0.0009118076858428388,1.8340725101749742e-10,0.015066149590074369,0.1935386264763475,0.34955170750209485,0.36782299991236667,0.8994374281399774,0.8347698630735313,1.3641645976006852e-07,0.8884361358592704,0.15275647085553207,0.1283086300542182,0.00027842039066120687,0.0,0.003773575602779384,1.8629410214663773e-14,0.09691588184420179,0.28772835935652635,0.54409063447316,2.006693214760667e-06,0.6999752604424021,0.5950288653559802,0.31794798528663437,0.7220973865013771,0.5216012139941019,0.2756949774712395,0.10302952206472649,0.16282767024592368,0.23827298048260517,0.9724049154310949,0.7050470869603233,0.4023555634070584,0.7000670861246429,0.15619533551161738
T cell CD8 terminally exhausted,0.5826137524162126,0.5823749219420449,0.04073618847037746,0.23259665228142729,0.41928692353256297,0.6544407787371949,0.47371899296116093,0.5217178692717833,0.43436693963138656,0.740847404951211,0.4981763580156548,0.20038085345184328,0.46611179578477957,0.26291012432487143,0.12801963531178887,0.19026132540909654,0.18398630818206357,0.13427820369297022,0.01077233411276985,0.43177248096510173,0.37812157754147324,0.4758072579882285,0.8728000593519201,0.5408206371620117,0.6362470232967609,0.008182709196424217,3.1410033399682975e-05,0.7229774432376217,8.950294838578072e-20,2.9147869526136615e-09,0.003773575602779384,0.0,0.028816469658128632,4.267438259524284e-10,0.16139541592709902,0.1064165954597006,0.8169759686145245,0.5061569874327094,0.6986917353271747,0.26898508895149004,0.023474375722948318,0.2880245312525555,0.9026424907588521,0.07647794440606179,0.10275491255333255,0.21436785103941633,0.40191110093934806,0.3239927068952453,0.10758148471530397,0.7980940388776557,0.18473287880045286
T cell NK-like,0.6824783904055527,0.5765594033404532,0.9216063443566476,0.9501637602517061,0.5614097765124213,0.6133042504991982,0.8246734558601257,0.7093407176578489,0.21081045922184583,0.5391606729734876,0.4948285264679729,0.15681088270500138,0.2198527072097052,0.8166506813757426,0.20574564706709506,0.5139427577462813,0.192340500745723,1.0774415141566159e-07,1.043542352256476e-20,0.005297257242223655,0.9542703834185486,0.33587550485539436,0.12260770834831781,0.7280122857811672,0.5590659828450673,0.0011121601606005685,0.800026235388285,0.3016269378908499,0.1635776765597828,0.060525453236189554,1.8629410214663773e-14,0.028816469658128632,0.0,0.5608120067233854,0.5358610303528271,0.2878001794647484,0.06894121116034399,0.7177107916999639,0.6875545421149359,0.31065677381744217,0.4865690922761494,0.3539076680748646,0.39227547994193807,0.23598255057340634,0.23314691580793287,0.7631042930225193,0.6849281302512749,0.387876918799939,0.28814494530824947,0.8962371069432358,0.2229846036675473
T cell regulatory,0.40898259731559705,0.0036131452223869005,0.031822564996091686,0.09183634827640308,0.7743861978670704,0.6206996143235657,0.27616918669559987,0.6065218829764185,0.07673065009101161,0.5973604200077735,0.16954532209382792,0.23193739991062307,0.004514562311199091,0.22833062364170256,0.8033777084927635,0.8730468633193493,0.02908747992282228,0.9965759210516116,0.005097016848120572,0.6389337217191513,0.21383317774327362,0.19771505937464723,0.03626011750992246,0.450000258950144,0.75994892970167,2.548542660885399e-07,3.844734152759328e-05,6.75359032936404e-11,0.00020971903558755127,4.323076095520654e-15,0.09691588184420179,4.267438259524284e-10,0.5608120067233854,0.0,0.07157929983811599,0.05675481589455857,0.49657148248960614,0.20635573628952242,0.6831477016848926,0.03640010516990982,0.00904403527540451,0.07605246693523292,7.772026343009528e-08,0.012391613412333075,0.00884684664436902,0.100802349905532,0.050455414889297875,0.5333397919454159,0.05524811285280438,0.762026532628908,0.03638027524826824
Tumor AT2/1_LUAD,0.6851422304107757,0.7248667695704619,0.4646359996995383,0.024745812637841518,0.3804364932043204,0.9449866360104822,0.00011279395844903203,0.9465346555897143,0.5513469845318232,0.07143767364762058,1.2581262575825912e-05,0.6313876264541353,0.7716778830028131,0.9575076229052756,0.0004036192172412683,0.7613252577605527,0.9652979042614365,0.6440220972300512,0.3159916045380681,0.7209432560261079,0.530369962777228,0.9778615440804628,0.5807233743455611,0.29594070305832504,0.15788008932981018,0.10866820435855189,0.5765426606106717,0.4834920994062712,0.4703411667944665,0.16132183848994688,0.28772835935652635,0.16139541592709902,0.5358610303528271,0.07157929983811599,0.0,0.973486270880124,0.6838998898852936,0.6012387791374182,0.6519576870278551,0.4731245218616474,0.4261392574169088,0.6141113355347128,0.49698300190327005,0.24353382842439777,0.3046454346012831,0.790972233123967,0.24941667839363352,0.04036850186752438,0.11395657762924391,0.0289961644942198,0.3769519989873327
Tumor Club/AT2_MSLN,0.9719107380620081,0.18264116846857575,0.44257781126089946,0.6184045142711881,0.6015958151684122,0.652302863208737,0.38930499125490464,0.8925819637938414,0.9372040628366748,0.922762793922671,0.11718304821435696,0.6058197081489047,0.6194812653062199,0.6601900798168666,0.024396424354557356,0.9061078692464442,0.19618587249971073,0.5616556558199254,0.2010648864243509,0.524056341547294,0.18876599151472373,0.5047691079548481,0.3840029995329089,0.38891566143905787,0.7957178093765434,0.23632891446836035,0.09818606515877017,0.21089790710593648,0.25600602330296335,0.10861798055591122,0.54409063447316,0.1064165954597006,0.2878001794647484,0.05675481589455857,0.973486270880124,0.0,0.7470860969450791,0.47865755032381174,0.6165848428448846,0.9573172565388686,0.6451786732001109,0.2500812739853646,0.4967974314180814,0.21368074733608897,0.2690622911870641,0.4168693108806484,0.315727256347811,0.3023281027348637,0.5706968860362671,0.5358153568002436,0.4007568321554322
Tumor LUAD2,0.9241831066762469,0.9883740752656304,0.7634381748201873,0.8402368809807886,0.6717424175123794,0.8046175661851143,0.8588504397579745,0.7541075771544655,0.6540929427770781,0.7646072336714768,0.7750697563102621,0.6603148113270209,0.7481811807985295,0.6500818099883191,0.4292081159723114,0.8760091767869673,0.18938269248442718,0.03979425959299428,0.11794218369817142,0.6964151623490152,0.6294624334118136,0.728193508103448,0.40533860530282795,0.39085540204503305,0.7945497691727016,0.5346683151656002,0.44240413504990195,0.6899477579394288,0.919632289877964,0.5707520284227156,2.006693214760667e-06,0.8169759686145245,0.06894121116034399,0.49657148248960614,0.6838998898852936,0.7470860969450791,0.0,0.8275280621122568,0.8690558271643101,0.6643751686941523,5.613230777273875e-05,0.7284506036113488,0.8320402406899847,0.7452206744599358,0.8963008570636862,0.8080714711867225,0.6586911866222742,0.46399253216514574,0.6466365052014746,0.7495443904615675,0.7681037340656334
Tumor LUAD_EMT,0.8282915536605251,0.19903542475426073,0.6818532415723835,0.6523119733001331,0.34393268567626023,0.5824525836006428,0.687710657660485,0.48156014338913417,0.40418611093725537,0.5249877184500595,0.5209090235352505,0.628087274624203,0.9477612512491698,0.34293591951484015,0.09591614066502575,0.7220933869856445,0.4586749707351216,0.4184187501409354,0.22388080327403376,0.447521240610275,0.3155897947650106,0.5201061089026928,0.25224437134048483,0.4295827731961039,0.6728308028815702,0.08500556406291608,0.761361148616807,0.34548985060185955,0.6839053129133992,0.1251263510440871,0.6999752604424021,0.5061569874327094,0.7177107916999639,0.20635573628952242,0.6012387791374182,0.47865755032381174,0.8275280621122568,0.0,0.7359754449419559,0.5694381273814856,0.3664505887770256,0.5390284999845655,0.6295365249014965,0.9511385700456617,0.7483832299018945,0.5893889439066514,0.39060788063057916,0.33842468687531724,0.7004947393163562,0.45668612908010536,0.01089121091325831
Tumor LUAD_LUSC_mitotic,0.8813712135229729,0.47702211213918966,0.8238490895330903,0.7080777033802685,0.7699399653049306,0.7437188674679767,0.7812184512321094,0.6301532697590944,0.9116018434752935,0.64368604247445,0.7093991018144097,0.841010736269197,0.99595325573458,0.6268899843700751,0.6111383507371537,0.8066993278701443,0.5036928514595478,0.6410303704364064,0.6918052458518477,0.8164167647465905,0.8656740629256156,0.9038875681981569,0.5402366751611609,0.8045346616188982,0.7219688444035735,0.38230463325496655,0.26811913551531685,0.9966499329723307,0.6490294911515324,0.7529062606021654,0.5950288653559802,0.6986917353271747,0.6875545421149359,0.6831477016848926,0.6519576870278551,0.6165848428448846,0.8690558271643101,0.7359754449419559,0.0,0.5024970551700823,0.664628962901462,0.5904639062279637,0.7394246773122745,0.8676811808263221,0.8372110630896742,0.8237555072600637,0.7003372066208073,0.43747830407191607,0.5095406426122989,0.3482126856624525,0.9290298510396688
