cell_type_adjusted,Alveolar cell type 1,Alveolar cell type 2,B cell,B cell dividing,Ciliated,Club,DC mature,Endothelial cell arterial,Endothelial cell capillary,Endothelial cell lymphatic,Endothelial cell venous,Fibroblast adventitial,Fibroblast alveolar,Fibroblast peribronchial,Macrophage,Macrophage alveolar,Mast cell,Mesothelial,Monocyte classical,Monocyte non-classical,NK cell,NK cell dividing,Neutrophils,Pericyte,Plasma cell,Plasma cell dividing,ROS1+ healthy epithelial,Smooth muscle cell,T cell CD4,T cell CD4 dividing,T cell CD8 activated,T cell CD8 dividing,T cell CD8 effector memory,T cell CD8 naive,T cell CD8 terminally exhausted,T cell NK-like,T cell regulatory,Tumor LUAD_Club,Tumor LUAD_EMT1,Tumor LUAD_EMT2,Tumor LUAD_EMT3,Tumor LUAD_LUSC,Tumor LUAD_LUSC_mitotic,Tumor LUAD_mainly1,Tumor LUAD_mainly2,Tumor LUAD_mitotic,Tumor LUAD_mixed,Tumor LUAD_transitional,Tumor LUSC_LUAD_mitotic,Tumor LUSC_mainly,Tumor LUSC_mainly2,Tumor LUSC_mitotic,Tumor LUSC_mitotic2,Tumor cells LUAD,Tumor cells LUAD EMT,Tumor cells LUAD mitotic,Tumor cells LUSC,Tumor cells LUSC mitotic,Tumor cells NSCLC mixed,Tumor mitotic_LUSC,Tumor mitotic_mixed,Tumor mixed_LUAD,cDC1,cDC2,myeloid dividing,pDC,stromal dividing,transitional club/AT2
Alveolar cell type 1,0.0,1.5681975465471843e-05,0.026463044043269553,0.26801428397396226,0.001796335305957049,0.00030821203839979174,0.4595283178852432,0.12656496402007866,0.23357239312426714,0.008589204389440318,0.39350017309676916,0.5735871431248998,0.7184244660662749,0.7989381091213638,0.8598554333921241,0.8493648529623613,0.08914934651131781,0.008632908401536458,0.525117230519949,0.00029208625693686707,0.01792040609574459,0.9862279510639009,0.381320464195886,0.7875138765673522,0.19075121663175806,0.5677647029469348,0.001857622692361676,0.9966977543545079,0.1574141265597729,0.24787349147484738,0.834521107898291,0.8199848424267517,0.4655576207893181,0.32956140622159014,0.7992164349344304,0.0033206173651409063,0.2544712325935284,0.6641524461637243,0.9513724683608481,0.6545426736304099,0.6677605084709979,0.5190028571642038,0.21199500539448,0.5606812720426818,0.8544777535614831,0.39427457137711547,0.9270682632200546,0.3076553417048314,0.6124568507374797,0.8102467246660899,0.5579091674456109,0.9324615780492185,0.3508295771181225,0.10831190426617306,0.3849449887330596,0.5337641306834076,0.6689972482903345,0.88600984311207,0.000460404515955989,0.5794790150789598,0.3558415360208119,0.6904471933506127,0.4420318617938492,0.3342774738948209,0.9735639866239287,0.7605957760661228,0.24301327480611926,0.2556390141493077
Alveolar cell type 2,1.5681975465471843e-05,0.0,0.02132134165809018,0.25331753442557237,0.01869961409141652,0.20724839627099875,0.5792606675771176,0.4247328433678846,0.9657407445735148,0.12577355332628312,0.4479249896911638,0.5278864249306715,0.9981318709357709,0.16818789632109213,0.09107673263757865,0.25867459874794374,0.0018327301157844257,0.09420645317408102,0.49380898327616607,0.15119694588942548,0.042540779888954945,0.10848289964719911,0.4319210501472614,0.17488131007171392,0.12076841376426248,0.11151213657718485,3.986594488803255e-15,0.9275540907986874,0.04413436927825737,0.013911006103612535,0.4064494144274739,0.05530082543891339,0.4744957756186038,0.08024806757365595,0.05445853172947862,0.8450766187337583,0.0012140205048496353,0.7064792845920551,0.26535852292198703,0.5968881680574827,0.6422060478471755,0.2552769442581967,0.12212729733483231,0.29319131894512224,0.7625354265704678,0.5275740964712293,0.6489293669695826,0.19266744924154253,0.4783238462383215,0.5938021191002465,0.5730716179417746,0.3146392972875723,0.29924330233050106,0.013838901031504439,0.7423437850620492,0.1283960539457471,0.0020330876369460686,0.7951867168790042,0.11487349464838717,0.458463214263105,0.30451361186142417,0.2880202448166278,0.27952762764975025,0.4674024003640263,0.5150413344929675,0.3149089265858762,0.20954985465333112,4.323833911363311e-05
B cell,0.026463044043269553,0.02132134165809018,0.0,3.315526700535112e-07,0.7707460499779691,0.29653069872138843,0.0176891664988376,0.0031447571051042137,1.739033918106031e-05,0.6141621458115267,0.02412855255458057,0.5824146248423452,0.06258815652217599,0.5735630009748445,0.03301585244197201,0.04152971816838818,0.19063827632842073,0.7129245194375146,0.047444155684120456,0.23230375494958252,0.10831325499502475,0.12066534122827706,0.30288573176725614,0.45633556632289435,0.19981863524504176,0.5221622491298028,0.030876535262232833,0.6731673484121006,0.015516695480605296,0.171098675942206,0.7009057360548172,0.5588251701166129,0.8738308906935031,8.865680620514675e-09,0.5818443299406489,0.5604301973335262,0.6126713783630653,0.5278452378895793,0.6692635382261667,0.04675467063131158,0.9696256549201077,0.637947795135899,0.17737246012900829,0.30243444485124255,0.7266673637866662,0.18433942960455196,0.5215601336729112,0.39274143114103727,0.07071996102938798,0.8869300701645416,0.6501765353046133,0.3898885931429723,0.9546748990012698,0.007808925457897427,0.6687974176305203,0.23400731206998315,0.4484603301466815,0.38524661004705346,0.18702677148143482,0.9499899394574238,0.4708476538584413,0.5853975290780888,0.6944123426701568,0.02430680950575924,0.07706444721682933,0.42775043894360393,0.6671388645477131,0.08460428315484693
B cell dividing,0.26801428397396226,0.25331753442557237,3.315526700535112e-07,0.0,0.8949321841195526,0.5169337931150872,0.6499929497228879,0.6282238016361135,0.8642730790937193,0.6824000274261762,0.37841325787061775,0.7297159182412672,0.48879101752169957,0.7960183732766387,0.8025874106738166,0.25588325401527867,0.4256260639410913,0.8601321270868009,0.5924919658044222,0.5049177364335572,0.1794370795909068,0.828245711250378,0.931451997133274,0.623444865246788,0.6384284444465411,0.12782029581598464,0.3057222893334079,0.5639573300995603,0.6405604322135763,0.08561247670870133,0.2266443418220597,0.6160278945500887,0.15342978739496682,0.03271894273810977,0.9900083164931399,0.20325262530144414,0.8335939746882646,0.7015965784177375,0.43723987970178585,1.1442907771080499e-17,0.7275504874708906,0.9766119272858433,0.9062076451758532,0.6463768831182041,0.6562921505116748,0.5309607131882781,0.4187827904010277,0.794352232365345,0.9687020849880537,0.7941184917300186,0.6810276116423476,0.5681288193298524,0.5470093870770182,0.21795737324232412,0.725591379681755,0.5015685614152897,0.5435160204638537,0.9098444376811747,0.4816406612381572,0.7303059984945744,0.7711247244071894,0.7476173008165583,0.5527302561676762,0.5106611907243392,0.7906963251562922,0.5385950528107746,0.4337317466420054,0.4221799744502536
Ciliated,0.001796335305957049,0.01869961409141652,0.7707460499779691,0.8949321841195526,0.0,2.642393471087738e-21,0.8963872998936556,0.24057025784188063,0.6748320643928771,6.508303071291452e-27,0.7024440593697883,0.832262803906708,0.588825433564967,0.425260863366111,0.11095390338336905,0.8214101117233488,0.27442331219005467,4.96180502203415e-28,0.5122385804582749,3.2927252814780745e-21,3.8980409933451107e-10,0.43934791435706627,0.5371327022983939,0.4770721432266708,0.41218510719996343,0.9208549044070881,0.7057165432195781,0.7827256920900729,0.19557773697698255,0.6529269446122821,0.19357476108729288,0.7990229874420728,0.11467239693993367,0.9386129739461792,0.5356036634628298,2.1294657850291072e-08,0.028272439908525817,0.9366432433384003,0.6207119542970121,0.8466067471350927,0.8645575543526494,0.9922558940351414,0.5778966284617364,0.4179671956058859,0.9787976799305222,0.8804386324488916,0.7182117354568006,0.05597420238709795,0.7001415521296869,0.6192696626464792,0.8305551529914601,0.7351538210279499,0.8767889643085096,0.4577471778835702,0.6844816284966442,0.7973497992152658,0.768233323638295,0.993866076344783,0.8416897822689667,0.640721918740963,0.17401760260355545,0.8727511135263972,0.7412217855568076,0.2972267340124398,0.5314062863790255,0.6711109577777916,0.54040701037975,0.9082677355518833
Club,0.00030821203839979174,0.20724839627099875,0.29653069872138843,0.5169337931150872,2.642393471087738e-21,0.0,0.35770167149815396,0.18813500224278312,0.9380997959219077,7.875654772827933e-12,0.01693903853382544,0.9459265732954268,0.9873602251064143,0.5940798172150397,0.029016968785310748,0.362774343118118,0.6780992820047905,3.4308035479736055e-10,0.8492069146713068,1.593943947959762e-07,0.0028398164650130686,0.6130225513668317,0.531113245707333,0.7599910280157114,0.4643781734974136,0.17154305032342643,0.9823622385847048,0.06785222184799582,0.1927193062149557,0.13278729250890475,0.33561976358960965,0.5855311921744275,0.8063140828324789,0.8753300230404866,0.4248155856973993,9.834400563544051e-05,0.007582187393782324,0.32672791166360504,0.7372487872232472,0.8156819056191118,0.5047085488990066,0.798112120398685,0.40145615927280043,0.28373206321940414,0.8145174536977469,0.5900622607785144,0.062053446413972764,0.007187633265187321,0.5880483385653948,0.7220188494138818,0.8973192880117671,0.4316833688861627,0.9479848343898108,0.35030966296327715,0.5840139922688214,0.730093469850319,0.7101087532176129,0.8943143827130277,0.07741736547337487,0.6308739457883771,0.06550047380136484,0.8827887032244078,0.5137225060070649,0.3860811163426789,0.7422520199967105,0.7666195035262975,0.28826876854794664,0.6209654668462607
DC mature,0.4595283178852432,0.5792606675771176,0.0176891664988376,0.6499929497228879,0.8963872998936556,0.35770167149815396,0.0,0.594326391867187,0.6298044667613086,0.5651453277904918,0.6252125832306973,0.21168194393563228,0.8512044656873178,0.21361502684295636,0.8912001553631099,0.021065649420528448,0.007140282564072743,0.21273617008900905,0.033286226943657383,0.5012745387278856,0.4362396115998301,0.9049184215547208,0.09184382303311564,0.08881794136605649,0.18633853803059153,0.026999340081901406,0.0073530411630673,0.12283403285594297,0.6032769755688439,0.08430964871704318,0.2246894819603836,0.38250581656073374,0.057450983224350556,0.0411750859456262,0.3434558262182467,0.4261786325152754,0.16364937984956218,0.8330999449703698,0.3694501373785705,0.6626391342096914,0.49225253978202455,0.37776142982648375,0.3476613033705142,0.05620215295853339,0.008927224601594567,0.34406274351605703,0.1896328737056941,0.4030337210580668,0.307316169684346,0.2335196035551372,0.32479472581343244,0.22834749343190436,0.7279419743709711,0.005965575883926057,0.8764262587733961,0.4398337243844756,0.5509626843694089,0.6311492806379663,0.8316474199984575,0.14723846539512522,0.3893011583673131,0.12080052147954855,0.5100661635663513,3.740629620765769e-05,0.040678771568193314,0.6490669865262659,0.1286219047802054,0.18858955531263474
Endothelial cell arterial,0.12656496402007866,0.4247328433678846,0.0031447571051042137,0.6282238016361135,0.24057025784188063,0.18813500224278312,0.594326391867187,0.0,1.3621271760934719e-19,0.24893520326237625,3.792550094867362e-10,0.8211306026273515,0.5420213479248828,0.853570953038959,0.9441042251652755,0.37249634896251693,0.08305301609710422,0.3116700412808205,0.5144309280655888,0.006655373559647841,0.33909601852833937,0.3552500135677936,0.35293853415439275,0.6280141709201404,0.4438538994710674,0.8017433809639523,0.15801753135153507,0.04684516203276374,0.41740720948768756,0.471988689120455,0.023551057508101568,0.9058228261034968,0.05328468816814276,4.16304280500279e-06,0.7583456571186737,0.1314262632541165,0.6686753171403949,0.028166506030680747,0.2160013508324142,0.7372296947690672,0.8501663418958081,0.44318801040558387,0.9295889636213309,0.6922747583379286,0.26386600939410787,0.23536376730603673,0.281601500489148,0.6507390743394945,0.6560377560269643,0.40671973646642184,0.7124890001830632,0.5739946667185797,0.4489814184742104,0.1062495791363093,0.36261516870963445,0.6570442056209451,0.010124085714958075,0.6875330838933037,0.3246019121242965,0.28456549070780224,0.34940987033843823,0.5142256555617905,0.007146361142300709,0.3650852868694206,0.9865231286594001,0.48422700556571563,0.34188209241911277,0.9596786245377662
Endothelial cell capillary,0.23357239312426714,0.9657407445735148,1.739033918106031e-05,0.8642730790937193,0.6748320643928771,0.9380997959219077,0.6298044667613086,1.3621271760934719e-19,0.0,0.6483420747440091,4.1794007224348345e-10,0.7371558672443375,0.47358169468110417,0.6856288677159058,0.9071749361983319,0.6555080122911794,0.8691456998482708,0.5593950673748411,0.5608176433821475,0.2553383708950637,0.5654218479222807,0.5554199666639787,0.5051015502513571,0.9689621935312238,0.8312038272182894,0.5980727031992671,0.4653685294226479,0.36540167990138844,0.7343761984503634,0.5014228764739942,0.15994970070644796,0.9445342838985735,0.16905263191351919,8.469366993578718e-07,0.9590388769122747,0.17769126451261158,0.6652774274519365,0.777963892704826,0.8965995260763884,0.7822020328077126,0.9369922467458482,0.7482389108268173,0.7472174197818833,0.8389913783432628,0.6745127046548715,0.5411138672121303,0.5096244553247731,0.7027022010559956,0.8154459542251966,0.800646086709154,0.9252056496920016,0.9829199921195401,0.6240292224555571,0.309048251879358,0.09445278258796033,0.8176842950740145,0.8494584474822497,0.7822020328077126,0.5555326320452169,0.6642923529851678,0.8021163144174419,0.5577571071640643,0.12853825379860687,0.9034056967618492,0.412382852100384,0.7858114315632302,0.25940887865816437,0.7321713724698031
Endothelial cell lymphatic,0.008589204389440318,0.12577355332628312,0.6141621458115267,0.6824000274261762,6.508303071291452e-27,7.875654772827933e-12,0.5651453277904918,0.24893520326237625,0.6483420747440091,0.0,0.06319666746192393,0.9790384142364809,0.5436351668901056,0.3071418314670606,0.6446523262919904,0.47233898350591397,0.8950619225120823,9.166980554940295e-20,0.6927333970017943,4.206028609852727e-17,1.84922710626522e-07,0.3073072663076402,0.3827026622839697,0.8685468248988619,0.414917658849052,0.23435291567341954,0.5319736446373755,0.5319526853537203,0.16286109358079912,0.2691762199520359,0.3457274404262011,0.5276067261397039,0.07443300082627449,0.435520091640797,0.4893974227308952,0.00014264097779675185,0.04783592033628375,0.9910009006102114,0.1349851008768314,0.8122516417399293,0.3181780591242854,0.6169958047451155,0.8083977157358304,0.16620041932005192,0.7907891084498295,0.3610486682073436,0.49699303766943,0.05582969738165529,0.557138901092891,0.0004055761863985974,0.0634961633532906,0.4657094905026271,0.8720386994093153,0.645922680940569,0.9439546795853694,0.9044477399328787,0.8891672654918789,0.6394840874688177,0.4650655721880284,0.9509782074666914,0.2586598617157596,0.5080475146757493,0.4822581057176293,0.701930474036361,0.9985534363370744,0.8073136536499526,0.5974275722138345,0.8108023701699459
Endothelial cell venous,0.39350017309676916,0.4479249896911638,0.02412855255458057,0.37841325787061775,0.7024440593697883,0.01693903853382544,0.6252125832306973,3.792550094867362e-10,4.1794007224348345e-10,0.06319666746192393,0.0,0.8645998360326688,0.0010985100158740619,0.652576454275606,0.48446728832541214,0.508210481590012,2.3204597493292164e-05,0.638085663011083,0.7421746430494476,0.3648796242751635,0.20902913352933913,0.36177125818943623,0.1506859901152196,0.000916410272940825,0.3409207056105343,0.5452494776141334,0.8890311261118579,3.158675227322326e-08,0.25864732317709604,0.1352062928790684,0.6614828968448804,0.2255946369913095,0.1732728017146705,0.09439234255267255,0.21059746749845662,0.7435787088821372,0.023416892301871595,0.08697461746546405,0.9341751694551719,0.4927211101963019,0.045490027493411314,0.5232901209299791,0.1243224545203111,0.2558991164055642,0.6280661524990453,0.6217289742931751,0.402617143240413,0.05647980379752447,0.622140158425302,0.6280774489973097,0.5593968858372125,0.2062945451585009,0.6956330279253488,0.27574757566368063,0.6558536514028368,0.7929703584448001,0.7180725193974948,0.6119939935047322,0.355320270486037,0.35280771672391864,0.015348044886398222,0.5595807849047296,0.665764810599338,0.40719326500573905,0.5135381752674749,0.35767032794248277,0.3994429222399513,0.4144212825601722
Fibroblast adventitial,0.5735871431248998,0.5278864249306715,0.5824146248423452,0.7297159182412672,0.832262803906708,0.9459265732954268,0.21168194393563228,0.8211306026273515,0.7371558672443375,0.9790384142364809,0.8645998360326688,0.0,0.8205931613908473,3.608985167681406e-33,0.30402946604258435,0.676038641956145,0.9353862342509599,0.9871077151255292,0.7462823471721474,0.8766222010956475,0.054459528951739986,0.5215655472990923,0.6383573931224834,2.0117054877003744e-07,0.5405377917303087,0.6535120577236193,0.5651656546420012,0.8034430757910285,0.34679293501721903,0.24510030887259412,0.3290372310584667,0.6139015617573835,0.08092878955844718,0.5777519290206518,0.9758762425273262,0.6177462808360097,0.8000470967919544,0.9189095511138761,0.9676858104123384,0.8847120825775999,0.8827105839989791,0.8291849252825003,0.5019684180828148,0.0015991372370476556,0.6599146482021415,0.7610151726952498,0.6415355402689162,0.9415763341067886,0.8631032213013844,0.8031254336838853,0.9298226721003724,0.726920609792367,0.860621131703236,0.512109279340431,0.8747713775066803,0.7562553528071504,0.7234693466558786,0.9007743973222407,0.7259464238651534,0.9872093409659496,0.839760372420575,0.7236626261301048,0.4472113525218014,0.2567845096851492,0.290415600376632,0.6243725405707573,0.7049747718990411,0.7662097812779441
Fibroblast alveolar,0.7184244660662749,0.9981318709357709,0.06258815652217599,0.48879101752169957,0.588825433564967,0.9873602251064143,0.8512044656873178,0.5420213479248828,0.47358169468110417,0.5436351668901056,0.0010985100158740619,0.8205931613908473,0.0,0.416374437761251,0.35177054383882267,0.3154925284862653,0.020191339686191394,0.9965439882561601,0.22998792166173718,0.565497216465425,0.16278966343923035,0.09813395653428063,0.3087034194550721,0.3221889810038693,0.902942814228823,0.45398904049489575,0.9048098547997926,0.0003500386843715681,0.1427441500630004,0.1445129158047599,0.9897998586196072,0.2294283855902582,0.7894800965240445,0.02289284888607799,0.23383761060219516,0.8372296707318576,0.7393208925039302,0.5116648363878827,0.8979132080655584,0.7034600912532638,0.5857606437185866,0.6401882630496131,0.20878765678775313,0.3941545995220872,0.8531765277547565,0.6600039166493464,0.8256974844108713,0.8414628041717969,0.6457212794629897,0.5337943494509586,0.5411386397410816,0.44564316302364154,0.6993399585809579,0.6595677539695062,0.9169908134415491,0.6819100058875719,0.7265596083906485,0.7216804289554969,0.7520966073995358,0.5590060665611581,0.6378027121333819,0.9534937814676294,0.04257169170641706,0.6217419841327746,0.6390724464103152,0.8139107743044333,0.7179230597094498,0.9127894381640563
Fibroblast peribronchial,0.7989381091213638,0.16818789632109213,0.5735630009748445,0.7960183732766387,0.425260863366111,0.5940798172150397,0.21361502684295636,0.853570953038959,0.6856288677159058,0.3071418314670606,0.652576454275606,3.608985167681406e-33,0.416374437761251,0.0,0.010585110701045966,0.51098276755647,0.5018487312730547,0.613183428722484,0.4964005743916346,0.7692114705862898,0.31179673893312776,0.9774075893430003,0.6254730559811247,3.605601778229716e-08,0.968828668683442,0.7297873318507865,0.2995800069026583,0.3193236942758746,0.0798274439991841,0.41038069122779,0.14541972746670756,0.6723597518696852,0.015864614759578045,0.27925422354457463,0.8359253951863695,0.7866823519713909,0.8669159594440974,0.8146804473033363,0.29975820893842015,0.7412926786706605,0.58117330350621,0.6395924252780981,0.00581163535645415,0.00046881571109691825,0.510577962873968,0.4703661978778411,0.46678622917976853,0.8556497318257162,0.6193871764084006,0.002117023013579783,0.04263574301238869,0.4343926243432968,0.9562649398245097,0.7376246834804348,0.8757822411602384,0.6893022729844557,0.8029508357887082,0.79020702831188,0.5143005666389211,0.6134850320207259,0.8031515425395248,0.6091196338528706,0.5879961962995417,0.07232569474812273,0.5362999773460786,0.6005765896703036,0.10565280516103785,0.2426816416871269
Macrophage,0.8598554333921241,0.09107673263757865,0.03301585244197201,0.8025874106738166,0.11095390338336905,0.029016968785310748,0.8912001553631099,0.9441042251652755,0.9071749361983319,0.6446523262919904,0.48446728832541214,0.30402946604258435,0.35177054383882267,0.010585110701045966,0.0,0.8683975038037034,0.04759714212415299,0.5340251374800221,0.11148126439571653,0.2724681558815154,0.5256441109563005,0.002819771704024227,0.3942315180464898,0.7067072947587814,0.26990389634129625,0.014160627739775769,0.00567191499683588,0.6248058202326485,0.04282209676912055,0.12735305653326953,9.677177022602815e-06,0.3654631619425541,7.621420280471426e-05,0.15059286507837072,0.46270099527770464,0.9019966070605948,0.8090507654919554,0.8935488831706232,0.09067488534352036,0.33785880081568814,0.31362474391381684,0.2799107438993747,0.13960830813189212,0.376154496226586,0.15714697921786858,0.8761137574844065,0.22639828790123673,0.893888488527422,0.022551356930609813,0.10713227678817668,0.5347472402693346,0.8837521301712218,0.9103023014346332,0.20236049108756554,0.03686630416730124,0.0006932628111866797,0.9609538966897986,0.5070596511754668,0.07973701668532986,0.4637361923655467,0.9438810963658685,0.33269377804784256,0.006782699407906109,8.4491103324683e-05,0.00013877247010735927,0.9348491838137027,2.586313862043383e-06,0.2574082375787033
Macrophage alveolar,0.8493648529623613,0.25867459874794374,0.04152971816838818,0.25588325401527867,0.8214101117233488,0.362774343118118,0.021065649420528448,0.37249634896251693,0.6555080122911794,0.47233898350591397,0.508210481590012,0.676038641956145,0.3154925284862653,0.51098276755647,0.8683975038037034,0.0,0.4065990303186324,0.6096228859998032,0.16273877946072954,0.5454224568861551,0.5576686605002512,0.8287094289383042,0.5080200306983867,0.37207148561942843,0.7636276050643261,0.2237569173843941,0.0025574179382252434,0.33327368259347634,0.009050027046209412,0.42995842363008707,0.17574531238262395,0.06986797332826535,0.030923960700759076,0.032654015230349755,0.08108597929639723,0.03817574647585233,0.00013832168251017268,0.45499721289512984,0.2636359712562147,0.006795999591502001,0.725012889634463,0.8431891932836264,0.5528825371307844,0.3313936493818741,0.22831095700926773,0.3496487973437014,0.24210543460953796,0.3146063741443314,0.7852983773691316,0.5470730034303299,0.9690471559117718,0.42940825331860893,0.4841344772745702,0.04311528727550718,0.8555845765109777,0.7667119324033406,0.31605892549478426,0.6624035105915189,0.7190024032809533,0.49650525962705505,0.35936975465923376,0.5100662205861867,0.1830577137158901,0.6062425317163085,0.47182032762450543,0.08993592930609481,0.9021525862287167,0.9565725442627112
Mast cell,0.08914934651131781,0.0018327301157844257,0.19063827632842073,0.4256260639410913,0.27442331219005467,0.6780992820047905,0.007140282564072743,0.08305301609710422,0.8691456998482708,0.8950619225120823,2.3204597493292164e-05,0.9353862342509599,0.020191339686191394,0.5018487312730547,0.04759714212415299,0.4065990303186324,0.0,0.16710653490556993,0.33788415584044085,0.4441354679715714,0.708373211884812,0.05951351757999167,0.30928696533075184,2.523310725991084e-05,0.24331558201593576,0.23939387771099122,0.002175505319592631,0.00022141049574017058,0.050297626752753705,0.1437746059294112,0.0018084050451622506,0.009727067835785018,0.6014293426306222,0.23336621957292672,0.00713762481297889,0.030201656466127217,0.3120663094255664,0.5572278224286086,0.40465419452439205,0.4015167419229263,0.4526078732604265,0.2467609381590498,0.17249369209528873,0.2489346483629729,0.17718227752680024,0.44844579435360005,0.09908305749626234,0.16312625898916247,0.2758044007853218,0.885429539407378,0.741679145948076,0.15055550500064216,0.2703951759344883,9.872648197410272e-06,0.8952921475955742,0.8973371861934474,0.00355015399235603,0.7872777247781831,0.2955221268884737,0.29932902645556075,0.37450306679401146,0.0682468896024391,0.24644730144034258,0.9436925072177836,0.551731868892435,0.8900191915237043,0.3098966434028556,0.5423025562084254
Mesothelial,0.008632908401536458,0.09420645317408102,0.7129245194375146,0.8601321270868009,4.96180502203415e-28,3.4308035479736055e-10,0.21273617008900905,0.3116700412808205,0.5593950673748411,9.166980554940295e-20,0.638085663011083,0.9871077151255292,0.9965439882561601,0.613183428722484,0.5340251374800221,0.6096228859998032,0.16710653490556993,0.0,0.4960760756635612,7.44937965349236e-26,6.2482870330096845e-12,0.5038420971433394,0.27338534223267447,0.7617706653256067,0.38379008268366116,0.46980857724086716,0.36868667727735027,0.7876816776081622,0.20853063219365806,0.5881224646769646,0.20754196038560113,0.7689955783898922,0.14365514057907153,0.9941476196071933,0.9262162464797544,9.990384026651408e-08,0.09225301103206933,0.7373560556104699,0.57595350771738,0.8769250513410908,0.7973489619044363,0.7701443950488837,0.7325787402306773,0.5867250198764944,0.5081049328553998,0.7689249524365933,0.8852320446371102,0.9792439323155523,0.7941513445745536,0.6750473671508765,0.7345086214104863,0.6568747005689953,0.6730146342762311,0.8261890938974565,0.7860804218666932,0.7285466937120088,0.5987280980392032,0.8307785670679252,0.7498543686176142,0.9005230569332682,0.7363035977339492,0.8567458976415635,0.35976704309767327,0.8777525130754182,0.5936355206378385,0.5829477701288522,0.45825043669561605,0.9655279061507996
Monocyte classical,0.525117230519949,0.49380898327616607,0.047444155684120456,0.5924919658044222,0.5122385804582749,0.8492069146713068,0.033286226943657383,0.5144309280655888,0.5608176433821475,0.6927333970017943,0.7421746430494476,0.7462823471721474,0.22998792166173718,0.4964005743916346,0.11148126439571653,0.16273877946072954,0.33788415584044085,0.4960760756635612,0.0,0.259148400003898,0.17208915140938605,0.11249568138125907,0.9082010332337029,0.44925299013059405,0.2134416650634944,0.5620330828039732,0.074270685942097,0.8664132345192358,0.023543708858994962,0.8987831234380905,0.3679054279418171,0.20599488874081368,0.7552837570731356,0.0013382593928544986,0.03197754313785824,0.19066701312967244,0.013571432369489817,0.43456728369327247,0.9573372192101819,0.5529254940686354,0.3554559347830244,0.6714187435556234,0.21658765975164465,0.5876124865694846,0.3164805980104574,0.2182415949416314,0.5535468987651736,0.32950779945554,0.06422635878408785,0.7518779179606763,0.16219863542460702,0.28317649705734144,0.24977348753338532,0.004953989787844127,0.7816689991348573,0.3171781946500545,0.5207170251349748,0.6654639006275782,0.7831106471265946,0.24710349264935325,0.7701688642906718,0.8419967195269766,0.1057827299824857,0.7231861209967135,0.33353020731508953,0.07459926005858751,0.05026928280819856,0.15407127761213846
Monocyte non-classical,0.00029208625693686707,0.15119694588942548,0.23230375494958252,0.5049177364335572,3.2927252814780745e-21,1.593943947959762e-07,0.5012745387278856,0.006655373559647841,0.2553383708950637,4.206028609852727e-17,0.3648796242751635,0.8766222010956475,0.565497216465425,0.7692114705862898,0.2724681558815154,0.5454224568861551,0.4441354679715714,7.44937965349236e-26,0.259148400003898,0.0,3.0622144942935615e-17,0.0005705013714087662,0.8524983483873342,0.8129170642686692,0.28772309584075706,0.6303046509102641,0.2610822859303781,0.9936221588987931,0.1738151779520154,0.763411098816721,0.032174186557729634,0.5694321129840004,0.02654339043378087,0.4915568848562897,0.9509196047230923,1.9450530426392512e-10,0.36116040305683184,0.9181546257864239,0.010293743435643654,0.7272985500359288,0.7382594354826919,0.5305276693312723,0.5542587968827131,0.23280984974279825,0.35922702564776493,0.6168228354978075,0.5587017752319535,0.29419098458937276,0.8528927816061045,0.06958952373391886,0.8308887329182159,0.5563182681333404,0.5784523169847381,0.4074301114230464,0.04032333833667089,0.5682560666577626,0.7464523168199227,0.7270930083839653,0.4345911624263367,0.9276764941239944,0.0996432338913865,0.6559179405786777,0.009541797686779756,0.1491739185809606,0.4393770506028806,0.0038760078471095204,0.07649998445888122,0.5349238094416012
NK cell,0.01792040609574459,0.042540779888954945,0.10831325499502475,0.1794370795909068,3.8980409933451107e-10,0.0028398164650130686,0.4362396115998301,0.33909601852833937,0.5654218479222807,1.84922710626522e-07,0.20902913352933913,0.054459528951739986,0.16278966343923035,0.31179673893312776,0.5256441109563005,0.5576686605002512,0.708373211884812,6.2482870330096845e-12,0.17208915140938605,3.0622144942935615e-17,0.0,0.0034615564493519838,0.4350240910556637,0.9018065898175468,0.09926413970181341,0.34096946737678746,0.2165677752909203,0.16501260967156856,0.4424053633871002,0.10620370584646949,0.9466966179908549,0.25826971536004945,0.6822541612701751,0.7925266835464058,0.2700876689936849,7.67823429768796e-12,0.8916243709954202,0.8243172663510359,0.5415081701880652,0.4353898366761269,0.9232445067383754,0.32057022918582545,0.2699971646646912,0.5390438681662014,0.6664414467801608,0.8969785037102808,0.8621462931105904,0.07831430964465184,0.9369408248483171,0.3563034602456447,0.47272309723465883,0.267917953717582,0.5279807998896381,0.8076437672772441,0.6714901797309619,0.16445670583825495,0.6505775076977359,0.6710907203373161,0.31435530855738075,0.6237924738201074,0.10846170328157126,0.712959366854687,0.46224031257216924,0.8390854120896031,0.6336155252819513,0.7445331307441417,0.7338597644061057,0.0906595316109361
NK cell dividing,0.9862279510639009,0.10848289964719911,0.12066534122827706,0.828245711250378,0.43934791435706627,0.6130225513668317,0.9049184215547208,0.3552500135677936,0.5554199666639787,0.3073072663076402,0.36177125818943623,0.5215655472990923,0.09813395653428063,0.9774075893430003,0.002819771704024227,0.8287094289383042,0.05951351757999167,0.5038420971433394,0.11249568138125907,0.0005705013714087662,0.0034615564493519838,0.0,0.5916700266781271,0.9236014681993728,0.3853146543604913,0.5169089962605762,0.1051032125990617,0.7817725161886443,0.07795178519044704,0.003203907620543649,0.039271772230468786,0.16585701137940842,0.18922389159641634,0.4636657482951121,0.8843797684289287,0.0920742153913759,0.07325855542289296,0.0006885701186699724,7.210676209503872e-05,0.8598416244702547,0.5922933318075131,0.05692545336167305,0.0893779231794601,0.10524465642519251,0.527575409374269,0.6283335495285616,0.4353489834852699,0.2722739249200165,0.36167848888184595,0.028417391209881192,0.596603205031558,0.08006032508852827,0.018023469787336533,0.031082941067680673,0.634825409677091,0.38448640394492517,0.6929102475895967,0.47125591437154585,0.25260968131562167,7.248770583988516e-06,0.09045829252010991,0.9960455421747062,0.013055557329393145,0.0011862050613079783,8.66292690128207e-06,0.024143003336289017,0.020059082881063197,0.08548672106459353
Neutrophils,0.381320464195886,0.4319210501472614,0.30288573176725614,0.931451997133274,0.5371327022983939,0.531113245707333,0.09184382303311564,0.35293853415439275,0.5051015502513571,0.3827026622839697,0.1506859901152196,0.6383573931224834,0.3087034194550721,0.6254730559811247,0.3942315180464898,0.5080200306983867,0.30928696533075184,0.27338534223267447,0.9082010332337029,0.8524983483873342,0.4350240910556637,0.5916700266781271,0.0,0.49458263092348953,0.6762464499855507,0.7486079235640197,0.4835995312673846,0.5188294233023419,0.03938564126015884,0.23123827061479643,0.1816673350914315,0.9978287572761051,0.08490919781699188,0.6800191517621164,0.9243610753912291,0.7733511424897015,0.3436764416722512,0.6470231838270749,0.5377293783641097,0.7597159695006681,0.6561953189502547,0.707836988139887,0.09600394451434142,0.5341195555008118,0.8122272398857118,0.4669681099151395,0.4664849114145256,0.6571836360169669,0.5764809299328383,0.7953966815959205,0.4055627223107979,0.04729524126785689,0.5722963165140315,0.31761029236281746,0.6976755872945163,0.46761728188578683,0.7929201681723119,0.8006924354423862,0.6441010537518703,0.9609244995567949,0.7679663214619911,0.1277768151189895,0.3068464093415497,0.17358075684289093,0.32029172761125335,0.5390201365809577,0.43812093793708945,0.3513637136984119
Pericyte,0.7875138765673522,0.17488131007171392,0.45633556632289435,0.623444865246788,0.4770721432266708,0.7599910280157114,0.08881794136605649,0.6280141709201404,0.9689621935312238,0.8685468248988619,0.000916410272940825,2.0117054877003744e-07,0.3221889810038693,3.605601778229716e-08,0.7067072947587814,0.37207148561942843,2.523310725991084e-05,0.7617706653256067,0.44925299013059405,0.8129170642686692,0.9018065898175468,0.9236014681993728,0.49458263092348953,0.0,0.37021784504521804,0.4504879578756925,0.46003066728088726,3.426064622758774e-06,0.06754078905901933,0.9945653680092975,0.32650257183340453,0.7915252792532531,0.19188081550023997,0.6542945889625832,0.7973620276011326,0.5493519437900009,0.4265740079541772,0.020535395994386068,0.8777167110261727,0.7485343292921216,0.7966112862219632,0.6109058990032662,0.7330086946686603,0.41716134513049086,0.5069082816793724,0.5263517108679328,0.5375588854728872,0.3161319482177052,0.9607026567517477,0.7842878415955897,0.7582593587507834,0.487344145852577,0.6272934236169735,0.0012912800620617578,0.6415656337685915,0.8919123853341916,0.9471745029665037,0.756520865615509,0.5253812959519918,0.3012436111136828,0.09840099612513845,0.9135087652576028,0.37871987730707357,0.01751087344782709,0.48264932677245787,0.014959472359419398,0.02069034614667324,0.4005048578315289
Plasma cell,0.19075121663175806,0.12076841376426248,0.19981863524504176,0.6384284444465411,0.41218510719996343,0.4643781734974136,0.18633853803059153,0.4438538994710674,0.8312038272182894,0.414917658849052,0.3409207056105343,0.5405377917303087,0.902942814228823,0.968828668683442,0.26990389634129625,0.7636276050643261,0.24331558201593576,0.38379008268366116,0.2134416650634944,0.28772309584075706,0.09926413970181341,0.3853146543604913,0.6762464499855507,0.37021784504521804,0.0,0.17455077859901863,0.07861552527393847,0.9615380078972474,0.8635739616049368,0.2844934977181637,0.15168030966998694,0.8072554415420263,0.15504391679890409,0.561020816904352,0.6262399325582692,0.38745304781094103,0.6987385277592252,0.8239775368936604,0.4603112596959529,0.9971218966857889,0.04682509814990438,0.766872897106382,0.25310756339832696,0.5942079274069286,0.6678883417333872,0.16706085732219914,0.286481725318585,0.6686468099239891,0.5714335051268843,0.43506611919392024,0.7804356448089895,0.5795180846436669,0.4855646868032692,0.18993477601950348,0.9087702139882265,0.3779574839942675,0.29286468885269384,0.9839991606540875,0.8655005340937343,0.562796644496466,0.6375297853558686,0.8125897604382695,0.8420179950933897,0.101892572889861,0.3716404417457414,0.49989823665681027,0.8419245019936459,0.17227193980963032
Plasma cell dividing,0.5677647029469348,0.11151213657718485,0.5221622491298028,0.12782029581598464,0.9208549044070881,0.17154305032342643,0.026999340081901406,0.8017433809639523,0.5980727031992671,0.23435291567341954,0.5452494776141334,0.6535120577236193,0.45398904049489575,0.7297873318507865,0.014160627739775769,0.2237569173843941,0.23939387771099122,0.46980857724086716,0.5620330828039732,0.6303046509102641,0.34096946737678746,0.5169089962605762,0.7486079235640197,0.4504879578756925,0.17455077859901863,0.0,0.10623468159732606,0.709826411157741,0.27175533219732917,0.06372266398817654,0.016902996196248445,5.0290985868804175e-06,0.0801055296037481,0.0258915519157146,3.7730710374537206e-07,0.020077636750377353,0.013016551579264742,0.9411810488316437,0.061114083716871916,0.8822337102180359,0.4870900979901547,0.9125158501442434,0.026853544005278337,0.5155595558516466,0.26017509932151706,0.3680487664228857,0.20172148854631808,0.09474992236749623,0.7866340523356791,0.838071807546598,0.5118355123445868,0.19081423221467564,0.10998969156654084,0.14881760530168361,0.020292988044622068,0.5105252487173934,0.4425513097197358,0.7549092811409369,0.3175472058653386,0.7830344545042932,0.11021505004617939,0.5632817929765667,0.0007189085576058295,0.00044615388564786366,0.7350131199813229,0.19248552824284607,0.02009694565821997,0.21095544969961919
ROS1+ healthy epithelial,0.001857622692361676,3.986594488803255e-15,0.030876535262232833,0.3057222893334079,0.7057165432195781,0.9823622385847048,0.0073530411630673,0.15801753135153507,0.4653685294226479,0.5319736446373755,0.8890311261118579,0.5651656546420012,0.9048098547997926,0.2995800069026583,0.00567191499683588,0.0025574179382252434,0.002175505319592631,0.36868667727735027,0.074270685942097,0.2610822859303781,0.2165677752909203,0.1051032125990617,0.4835995312673846,0.46003066728088726,0.07861552527393847,0.10623468159732606,0.0,0.6262685511078812,0.06397920784723918,0.07652972327245013,8.561786328055269e-05,0.05771760054322465,0.008250429505383931,0.0026395770721086243,0.056779487295966005,0.3210882193208787,0.024941573139726017,0.5999713707937094,0.2514304137450062,0.6935472689120364,0.42678992952171807,0.40340082809597444,0.130146085433717,0.29096522722185986,0.03523783128966272,0.3212028638225565,0.42281675784289685,0.2477408596586256,0.5854070203556159,0.3689686976772133,0.5291307759235359,0.3762578023399725,0.43339570823203455,2.8994660665723315e-05,0.6145871209081248,0.4578211443056385,0.11631167238521499,0.9728755521156895,0.012013680062934087,0.458289047370748,0.35690210927558885,0.3191172683618136,0.014736698008203618,0.2692879527036652,0.4067459451311699,0.20696569882348176,0.2090393288545529,0.893380580195712
Smooth muscle cell,0.9966977543545079,0.9275540907986874,0.6731673484121006,0.5639573300995603,0.7827256920900729,0.06785222184799582,0.12283403285594297,0.04684516203276374,0.36540167990138844,0.5319526853537203,3.158675227322326e-08,0.8034430757910285,0.0003500386843715681,0.3193236942758746,0.6248058202326485,0.33327368259347634,0.00022141049574017058,0.7876816776081622,0.8664132345192358,0.9936221588987931,0.16501260967156856,0.7817725161886443,0.5188294233023419,3.426064622758774e-06,0.9615380078972474,0.709826411157741,0.6262685511078812,0.0,0.3601057631996064,0.9538217382332,0.38799591175118564,0.5916854169871186,0.5332950607097756,0.9910138574528965,0.43800220406073215,0.292001596817832,0.4637535982620106,3.76226880695045e-14,0.9882134403179733,0.8163398316372684,0.9926642549544609,0.8536606982097543,0.497319029121276,0.5220696609360828,0.6836825537257046,0.8693100582218343,0.9038592445273473,0.46735419795731215,0.790961079159331,0.6858628553795606,0.7831213251021143,0.5800435068152775,0.6976708400466738,0.6647260479169184,0.8026158569057292,0.8526844058661867,0.7449441842129126,0.8107469825699365,0.5898627722794613,0.5754963160753468,0.22719602348762535,0.992780276272553,0.9889267229454017,0.0008364472274117164,0.21235876363528045,0.1575515626467746,0.6224116822114218,0.9444643386215809
T cell CD4,0.1574141265597729,0.04413436927825737,0.015516695480605296,0.6405604322135763,0.19557773697698255,0.1927193062149557,0.6032769755688439,0.41740720948768756,0.7343761984503634,0.16286109358079912,0.25864732317709604,0.34679293501721903,0.1427441500630004,0.0798274439991841,0.04282209676912055,0.009050027046209412,0.050297626752753705,0.20853063219365806,0.023543708858994962,0.1738151779520154,0.4424053633871002,0.07795178519044704,0.03938564126015884,0.06754078905901933,0.8635739616049368,0.27175533219732917,0.06397920784723918,0.3601057631996064,0.0,0.019432564069338742,0.3443661349861442,0.07817110039916696,0.023841609790656644,0.37896901190521054,0.17484884992598126,0.48316425951191194,0.002320907603725171,0.25866351781700175,0.533622431709386,0.328802027705354,0.6226186391854174,0.06761827744658125,0.0382935111682245,0.054548932181829615,0.36154281003067623,0.32925111298815946,0.723085739175938,0.2348575008910618,0.7982501806084161,0.2583621187581989,0.5157023120498845,0.053757984514257576,0.9467216135618275,0.06263181856435533,0.28429850857612093,0.27274622672670684,0.8080984471490952,0.6529659093424774,0.26590590235415396,0.30579954670169446,0.2910042455677987,0.7426684556962813,0.034894186474144384,0.6278726143612966,0.10112049823916545,0.5726933493539617,0.29879477221778905,0.055803586174538004
